77 120
76 121
80 118
79 119
78 120
76 122
81 118
76 123
82 118
76 124
84 117
83 118
76 125
85 117
86 117
77 126
88 116
87 117
77 127
89 116
77 128
90 116
91 116
78 129
93 115
92 116
78 130
94 115
95 115
79 131
96 115
97 115
80 132
99 114
98 115
80 133
100 114
101 114
81 134
102 114
81 135
103 114
104 114
82 136
105 114
82 137
106 114
107 114
83 138
108 114
110 113
109 114
84 139
111 113
84 140
112 113
113 113
85 141
114 113
115 113
86 142
116 113
86 143
117 113
118 113
87 144
119 113
120 113
88 145
121 113
88 146
122 113
123 113
89 147
124 113
125 113
90 148
126 113
127 113
91 149
128 113
91 150
129 113
130 113
92 151
131 113
132 113
93 152
133 113
134 113
94 153
135 113
94 154
136 113
137 113
95 155
138 113
139 113
96 156
140 113
141 113
97 157
142 113
97 158
143 113
144 113
98 159
145 113
146 113
99 160
147 113
148 113
100 161
149 113
150 113
101 162
151 113
102 163
152 114
102 164
153 114
154 114
103 165
155 114
156 114
104 166
157 114
158 114
105 167
159 114
160 114
106 168
161 114
107 169
162 115
163 115
108 170
164 115
165 115
109 171
166 115
109 172
167 115
168 115
110 173
169 115
111 174
170 116
171 116
112 175
172 116
173 116
113 176
174 116
175 116
114 177
176 116
115 178
177 117
178 117
116 179
179 117
180 117
117 180
181 117
118 181
182 118
183 118
119 182
184 118
185 118
120 183
186 118
121 184
187 119
188 119
122 185
189 119
190 119
123 186
191 119
124 187
192 120
193 120
125 188
194 120
195 120
126 189
196 120
197 121
128 190
127 189
198 121
199 121
129 191
200 121
201 121
130 192
202 121
203 121
131 193
204 121
205 121
132 194
206 121
207 121
133 195
208 121
209 121
134 196
210 121
269 63
268 64
211 121
135 197
271 62
270 63
268 65
267 66
212 121
272 62
267 67
214 120
213 121
136 198
273 62
267 68
215 120
274 62
267 69
266 70
216 120
137 199
275 62
266 71
218 119
217 120
276 62
266 72
220 118
219 119
138 200
277 62
266 73
221 118
266 74
223 117
222 118
139 201
278 63
266 75
225 116
224 117
279 63
266 76
227 115
226 116
140 202
280 63
266 77
229 114
228 115
140 203
281 63
266 78
230 114
282 63
266 79
232 113
231 114
141 204
283 63
266 80
234 112
233 113
141 205
266 81
236 111
235 112
141 206
284 64
266 82
237 111
285 64
266 83
239 110
238 111
142 207
286 64
266 84
240 110
142 208
287 64
266 85
265 86
242 109
241 110
142 209
265 87
244 108
243 109
142 210
288 65
265 88
245 108
142 211
289 65
265 89
247 107
246 108
142 212
290 65
265 90
264 91
248 107
142 213
264 92
250 106
249 107
142 214
291 66
264 93
263 94
252 105
251 106
142 215
292 66
263 95
262 96
254 104
253 105
142 216
293 66
262 97
261 98
260 99
259 100
258 101
257 102
256 103
255 104
142 217
142 218
141 219
294 67
141 220
295 67
141 221
141 222
296 68
141 223
297 68
141 224
298 68
141 225
140 226
140 227
299 69
140 228
300 69
140 229
140 230
301 70
140 231
302 70
140 232
303 70
140 233
140 234
139 235
304 71
139 236
305 71
139 237
139 238
306 72
139 239
307 72
139 240
139 241
308 73
139 242
309 73
139 243
310 73
139 244
139 245
311 74
139 246
312 74
139 247
139 248
313 75
139 249
314 75
139 250
139 251
315 76
139 252
316 76
139 253
139 254
317 77
139 255
318 77
139 256
139 257
319 78
139 258
139 259
320 79
139 260
321 79
139 261
139 262
322 80
139 263
323 80
140 264
324 81
140 265
325 81
140 266
140 267
326 82
140 268
140 269
327 83
140 270
328 83
140 271
140 272
329 84
140 273
330 84
141 274
331 85
141 275
332 85
141 276
141 277
333 86
141 278
141 279
334 87
335 87
142 280
142 281
336 88
142 282
142 283
337 89
142 284
338 89
142 285
142 286
339 90
142 287
142 288
340 91
142 289
341 91
142 290
142 291
342 92
142 292
141 293
141 294
343 93
141 295
140 296
139 297
125 311
124 312
123 313
122 314
121 315
120 316
119 317
118 318
117 319
116 320
115 321
114 322
113 323
112 324
111 325
139 298
138 299
137 300
136 301
133 304
132 305
131 306
130 307
129 308
128 309
127 310
126 311
111 326
110 327
109 328
108 329
107 330
106 331
105 332
104 333
103 334
102 335
344 94
136 302
135 303
134 304
102 336
101 337
100 338
99 339
98 340
97 341
345 94
97 342
96 343
95 344
94 345
94 346
93 347
92 348
91 349
90 350
346 95
90 351
89 352
88 353
88 354
87 355
86 356
347 96
86 357
85 358
84 359
348 96
84 360
83 361
82 362
82 363
81 364
349 97
81 365
80 366
80 367
79 368
78 369
350 98
78 370
77 371
77 372
351 99
77 373
76 374
76 375
352 100
76 376
353 100
76 377
76 378
354 101
77 379
355 102
356 103
79 380
78 379
357 104
358 104
81 381
80 380
359 105
82 381
360 106
84 382
83 381
361 107
85 382
362 108
86 382
88 383
87 382
363 109
364 110
89 383
90 383
365 111
91 383
93 384
92 383
366 112
367 113
94 384
95 384
368 114
96 384
97 384
369 115
98 384
100 385
99 384
370 116
371 117
101 385
102 385
372 118
103 385
104 385
373 119
105 385
106 385
374 120
107 385
108 385
110 386
109 385
374 121
375 122
376 123
111 386
112 386
377 124
113 386
114 386
378 125
115 386
116 386
117 386
378 126
379 127
118 386
119 386
380 128
120 386
121 386
381 129
122 386
123 386
382 130
124 386
125 386
126 386
382 131
383 132
127 386
128 386
384 133
129 386
130 386
385 134
131 386
132 386
133 386
385 135
386 136
134 386
135 386
387 137
136 386
137 386
388 138
138 386
139 386
140 386
388 139
389 140
141 386
142 386
390 141
143 386
144 386
145 386
390 142
391 143
146 386
147 386
392 144
148 386
149 386
150 386
392 145
393 146
151 385
152 385
393 147
394 148
153 385
154 385
395 149
155 385
156 385
157 385
395 150
396 151
158 385
159 385
397 152
160 385
161 385
397 153
398 154
162 384
163 384
164 384
398 155
399 156
165 384
166 384
167 384
399 157
400 158
168 384
169 384
400 159
401 160
170 383
171 383
172 383
401 161
402 162
173 383
174 383
403 163
175 383
176 382
403 164
404 165
177 382
178 382
179 382
404 166
405 167
180 382
181 382
405 168
182 381
405 169
406 170
183 381
184 381
185 381
406 171
407 172
186 380
187 380
407 173
408 174
188 380
189 380
190 380
408 175
409 176
191 379
192 379
409 177
193 379
409 178
410 179
194 379
195 379
196 379
410 180
411 181
197 378
198 378
411 182
199 378
411 183
412 184
200 378
201 378
202 378
412 185
413 186
203 378
204 378
205 378
413 187
206 378
413 188
414 189
207 378
208 378
209 378
414 190
210 378
414 191
415 192
211 378
212 378
214 379
213 378
415 193
215 379
415 194
416 195
216 379
218 380
217 379
220 381
219 380
416 196
221 381
416 197
223 382
222 381
416 198
417 199
225 383
224 382
227 384
226 383
229 385
228 384
417 200
230 385
417 201
418 202
232 386
231 385
234 387
233 386
418 203
418 204
235 387
418 205
419 206
237 388
236 387
419 207
239 389
238 388
419 208
419 209
419 210
420 211
240 389
242 390
241 389
420 212
420 213
243 390
420 214
245 391
244 390
420 215
421 216
247 392
246 391
421 217
421 218
421 219
248 392
421 220
250 393
249 392
421 221
422 222
252 394
251 393
422 223
422 224
422 225
254 395
253 394
422 226
422 227
422 228
256 396
255 395
422 229
423 230
257 397
423 231
258 398
423 232
423 233
259 399
423 234
423 235
260 400
423 236
423 237
261 401
423 238
423 239
262 402
423 240
262 403
423 241
423 242
263 404
423 243
263 405
423 244
423 245
264 406
423 246
264 407
423 247
264 408
423 248
423 249
265 409
423 250
265 410
423 251
265 411
423 252
265 412
423 253
265 413
423 254
423 255
266 414
423 256
266 415
423 257
266 416
423 258
266 417
423 259
266 418
423 260
266 419
423 261
266 420
423 262
266 421
423 263
266 422
423 264
266 423
423 265
266 424
423 266
266 425
423 267
266 426
423 268
266 427
423 269
266 428
266 429
422 270
422 271
267 430
422 272
267 431
422 273
267 432
422 274
267 433
422 275
422 276
268 434
422 277
268 435
421 278
269 436
421 279
421 280
421 281
271 437
270 436
421 282
421 283
272 437
420 284
273 437
420 285
274 437
420 286
275 437
420 287
276 437
420 288
277 437
419 289
278 436
419 290
279 436
419 291
280 436
419 292
281 436
419 293
282 436
418 294
283 435
418 295
284 435
418 296
285 435
286 435
417 297
417 298
287 434
417 299
288 434
417 300
289 434
416 301
290 433
416 302
291 433
416 303
292 433
293 433
415 304
415 305
294 432
415 306
295 432
415 307
296 431
414 308
297 431
414 309
298 431
414 310
299 430
413 311
300 430
413 312
413 313
301 429
302 429
412 314
303 429
412 315
412 316
304 428
305 428
411 317
411 318
306 427
307 427
410 319
410 320
308 426
309 426
409 321
409 322
310 425
409 323
311 425
312 425
408 324
408 325
313 424
314 424
407 326
407 327
315 423
406 328
316 422
406 329
317 422
406 330
318 421
405 331
319 421
405 332
320 420
404 333
321 420
404 334
322 419
403 335
323 419
403 336
324 418
402 337
325 418
402 338
326 417
401 339
327 416
400 340
328 416
400 341
329 415
399 342
330 415
399 343
331 414
398 344
332 414
398 345
333 413
397 346
334 412
396 347
335 412
396 348
336 411
395 349
395 350
337 410
338 410
394 351
339 409
393 352
393 353
340 408
392 354
341 407
342 407
391 355
391 356
343 406
390 357
344 405
345 405
389 358
389 359
346 404
388 360
347 403
348 403
387 361
387 362
349 402
386 363
350 401
385 364
351 400
385 365
352 399
384 366
353 399
383 367
354 398
382 368
355 397
382 369
356 396
381 370
357 395
380 371
358 394
379 372
359 394
378 373
360 393
378 374
361 392
377 375
362 391
376 376
363 390
375 377
364 389
374 378
365 388
373 379
373 380
366 387
372 381
367 386
371 382
368 385
370 383
369 384
