257 280
258 280
256 280
259 280
255 280
261 281
260 280
254 280
262 281
253 280
264 282
263 281
251 281
252 280
265 282
250 281
267 283
266 282
248 282
249 281
269 284
268 283
246 283
247 282
273 287
272 286
271 285
270 284
243 285
244 284
245 283
275 288
274 287
241 286
242 285
238 288
239 287
240 286
276 289
237 289
277 290
236 290
278 291
235 291
279 292
234 292
280 293
233 293
281 294
281 295
232 294
282 296
231 295
283 297
230 296
283 298
229 297
284 299
229 298
285 300
228 299
285 301
227 300
286 302
227 301
286 303
286 304
226 302
226 303
287 305
287 306
225 304
287 307
225 305
287 308
225 306
288 309
224 307
288 310
224 308
288 311
224 309
288 312
224 310
288 313
288 314
223 311
288 315
223 312
288 316
223 313
288 317
223 314
288 318
223 315
288 319
223 316
288 320
223 317
288 321
223 318
288 322
223 319
288 323
287 324
223 320
287 325
223 321
287 326
223 322
224 323
287 327
286 328
224 324
286 329
224 325
286 330
285 331
224 326
225 327
285 332
284 333
225 328
284 334
283 335
282 336
225 329
226 330
282 337
281 338
280 339
226 331
227 332
227 333
228 334
279 340
228 335
229 336
230 337
230 338
231 339
232 340
278 341
233 341
277 342
234 342
276 343
235 343
275 344
236 344
274 345
237 345
273 346
238 345
272 346
239 346
271 347
240 347
270 348
269 348
241 348
242 348
268 349
267 349
243 349
244 349
266 350
265 350
245 350
246 350
264 351
263 351
247 351
262 351
248 351
249 351
261 352
260 352
250 352
259 352
251 352
258 352
252 352
257 352
253 352
256 352
254 352
255 352
