258 25
259 25
257 25
256 25
260 26
255 25
261 26
254 25
262 26
253 25
263 26
252 25
264 26
251 25
265 26
250 25
266 26
249 25
267 26
248 25
268 26
247 25
269 26
246 25
270 26
245 25
271 26
244 25
272 26
243 25
242 25
273 27
241 25
274 27
240 25
275 27
276 27
239 26
277 27
238 26
278 27
237 26
279 27
236 26
280 27
235 26
281 27
234 26
233 26
282 28
232 26
283 28
231 26
284 28
230 26
285 28
229 26
286 28
228 26
287 28
227 26
288 29
226 27
289 29
225 27
290 29
224 27
291 29
223 27
292 29
222 27
221 27
293 30
220 27
294 30
219 27
295 30
218 27
296 30
297 30
217 28
216 28
298 31
215 28
299 31
214 28
300 31
213 28
301 31
212 28
302 31
211 29
303 32
210 29
304 32
209 29
305 32
208 29
306 32
207 29
307 33
206 30
308 33
205 30
309 33
204 30
203 30
310 34
202 30
311 34
312 34
201 31
313 34
200 31
199 31
314 35
198 31
315 35
197 31
316 35
196 32
317 36
195 32
318 36
194 32
319 36
193 32
320 37
192 33
321 37
191 33
322 37
190 33
323 38
189 34
324 38
188 34
325 38
187 34
186 34
326 39
327 39
185 35
328 39
184 35
183 35
329 40
330 40
182 36
181 36
331 41
180 36
332 41
333 41
179 37
178 37
334 42
177 37
335 42
176 38
336 43
175 38
337 43
174 38
338 43
173 39
339 44
172 39
340 44
171 39
341 45
170 40
342 45
169 40
343 46
168 41
344 46
167 41
166 41
345 47
346 47
165 42
164 42
347 48
348 48
163 43
162 43
349 49
161 43
350 49
160 44
351 50
159 44
352 50
158 45
353 51
157 45
354 51
156 46
355 52
155 46
356 52
154 47
357 53
153 47
358 53
152 48
359 54
151 48
360 54
150 49
361 55
149 49
362 55
148 50
363 56
147 50
364 57
146 51
365 57
145 51
366 58
144 52
367 58
143 52
368 59
142 53
141 53
369 60
370 60
140 54
139 54
371 61
138 55
372 62
137 55
373 62
136 56
374 63
135 57
375 64
134 57
376 64
133 58
377 65
132 58
378 66
131 59
379 66
130 60
380 67
129 60
381 68
128 61
382 68
127 62
383 69
126 62
384 70
125 63
385 71
124 64
386 71
123 64
387 72
122 65
388 73
121 66
120 66
389 74
119 67
390 75
391 75
118 68
117 68
392 76
116 69
393 77
115 70
394 78
114 71
395 79
113 71
396 80
112 72
397 80
111 73
398 81
110 74
399 82
109 75
400 83
108 75
401 84
107 76
402 85
106 77
403 86
105 78
404 87
104 79
405 88
103 80
102 80
406 89
101 81
407 90
100 82
408 91
99 83
409 92
98 84
410 93
97 85
411 94
96 86
412 95
95 87
413 96
94 88
414 97
93 89
415 98
92 90
416 99
91 91
417 100
90 92
418 101
89 93
419 102
88 94
419 103
420 104
87 95
421 105
86 96
422 106
85 97
423 107
84 98
424 108
83 99
82 100
424 109
425 110
81 101
426 111
80 102
427 112
428 113
80 103
79 104
78 105
428 114
429 115
77 106
430 116
76 107
431 117
75 108
431 118
432 119
75 109
74 110
433 120
73 111
433 121
434 122
72 112
435 123
71 113
435 124
436 125
71 114
70 115
437 126
69 116
68 117
437 127
438 128
439 129
68 118
67 119
66 120
439 130
440 131
441 132
66 121
65 122
64 123
441 133
442 134
64 124
63 125
442 135
443 136
62 126
444 137
62 127
61 128
444 138
445 139
60 129
445 140
446 141
60 130
59 131
446 142
447 143
58 132
447 144
448 145
58 133
57 134
448 146
449 147
57 135
56 136
55 137
449 148
450 149
55 138
54 139
450 150
451 151
54 140
53 141
451 152
452 153
53 142
52 143
452 154
453 155
52 144
51 145
453 156
454 157
51 146
50 147
454 158
455 159
50 148
49 149
455 160
456 161
49 150
48 151
456 162
456 163
457 164
48 152
47 153
457 165
458 166
47 154
46 155
458 167
458 168
459 169
46 156
45 157
459 170
460 171
45 158
44 159
460 172
44 160
43 161
460 173
461 174
43 162
461 175
43 163
42 164
461 176
462 177
42 165
41 166
462 178
462 179
463 180
41 167
41 168
40 169
463 181
463 182
464 183
40 170
39 171
464 184
464 185
465 186
39 172
39 173
38 174
465 187
465 188
38 175
465 189
466 190
38 176
37 177
466 191
37 178
466 192
467 193
37 179
36 180
467 194
36 181
467 195
36 182
35 183
467 196
468 197
35 184
468 198
35 185
34 186
468 199
468 200
468 201
469 202
34 187
34 188
34 189
33 190
469 203
469 204
469 205
33 191
469 206
470 207
33 192
32 193
470 208
32 194
470 209
32 195
470 210
32 196
31 197
470 211
471 212
31 198
471 213
31 199
471 214
31 200
471 215
31 201
30 202
471 216
471 217
472 218
30 203
30 204
472 219
30 205
472 220
30 206
29 207
472 221
472 222
472 223
29 208
472 224
29 209
472 225
29 210
472 226
473 227
29 211
28 212
473 228
28 213
473 229
28 214
473 230
28 215
473 231
28 216
473 232
28 217
27 218
473 233
473 234
473 235
27 219
473 236
27 220
473 237
27 221
473 238
27 222
473 239
474 240
27 223
27 224
27 225
474 241
27 226
26 227
474 242
474 243
474 244
26 228
474 245
26 229
474 246
26 230
474 247
26 231
474 248
26 232
474 249
26 233
474 250
26 234
474 251
26 235
474 252
26 236
474 253
26 237
474 254
26 238
474 255
26 239
25 240
474 256
474 257
474 258
25 241
474 259
25 242
25 243
473 260
25 244
473 261
25 245
473 262
25 246
473 263
25 247
473 264
25 248
473 265
25 249
473 266
25 250
473 267
25 251
473 268
25 252
473 269
25 253
473 270
25 254
473 271
25 255
473 272
25 256
25 257
472 273
25 258
472 274
25 259
472 275
472 276
26 260
472 277
26 261
472 278
26 262
472 279
26 263
472 280
26 264
472 281
26 265
26 266
471 282
26 267
471 283
26 268
471 284
26 269
471 285
26 270
471 286
26 271
471 287
26 272
470 288
27 273
470 289
27 274
470 290
27 275
470 291
27 276
470 292
27 277
27 278
469 293
27 279
469 294
27 280
469 295
27 281
469 296
469 297
28 282
28 283
468 298
28 284
468 299
28 285
468 300
28 286
468 301
28 287
468 302
29 288
467 303
29 289
467 304
29 290
467 305
29 291
467 306
29 292
466 307
30 293
466 308
30 294
466 309
30 295
30 296
465 310
30 297
465 311
465 312
31 298
465 313
31 299
31 300
464 314
31 301
464 315
31 302
464 316
32 303
463 317
32 304
463 318
32 305
463 319
32 306
462 320
33 307
462 321
33 308
462 322
33 309
461 323
34 310
461 324
34 311
461 325
34 312
34 313
460 326
460 327
35 314
460 328
35 315
35 316
459 329
459 330
36 317
36 318
458 331
36 319
458 332
458 333
37 320
37 321
457 334
37 322
457 335
38 323
456 336
38 324
456 337
38 325
456 338
39 326
455 339
39 327
455 340
39 328
454 341
40 329
454 342
40 330
453 343
41 331
453 344
41 332
41 333
452 345
452 346
42 334
42 335
451 347
451 348
43 336
43 337
450 349
43 338
450 350
44 339
449 351
44 340
449 352
45 341
448 353
45 342
448 354
46 343
447 355
46 344
447 356
47 345
446 357
47 346
446 358
48 347
445 359
48 348
445 360
49 349
444 361
49 350
444 362
50 351
443 363
50 352
442 364
51 353
442 365
51 354
441 366
52 355
441 367
52 356
440 368
53 357
53 358
439 369
439 370
54 359
54 360
438 371
55 361
437 372
55 362
437 373
56 363
436 374
57 364
435 375
57 365
435 376
58 366
434 377
58 367
433 378
59 368
433 379
60 369
432 380
60 370
431 381
61 371
431 382
62 372
430 383
62 373
429 384
63 374
428 385
64 375
428 386
64 376
427 387
65 377
426 388
66 378
66 379
425 389
67 380
424 390
424 391
68 381
68 382
423 392
69 383
422 393
70 384
421 394
71 385
420 395
71 386
419 396
72 387
419 397
73 388
418 398
74 389
417 399
75 390
416 400
75 391
415 401
76 392
414 402
77 393
413 403
78 394
412 404
79 395
411 405
80 396
80 397
410 406
81 398
409 407
82 399
408 408
83 400
407 409
84 401
406 410
85 402
405 411
86 403
404 412
87 404
403 413
88 405
402 414
89 406
401 415
90 407
400 416
91 408
399 417
92 409
398 418
93 410
397 419
94 411
395 420
396 419
95 412
394 421
96 413
393 422
97 414
392 423
98 415
391 424
99 416
100 417
389 425
390 424
101 418
388 426
102 419
387 427
386 428
104 420
103 419
105 421
384 429
385 428
106 422
383 430
107 423
382 431
108 424
380 432
381 431
110 425
109 424
379 433
111 426
377 434
378 433
112 427
376 435
113 428
374 436
375 435
115 429
114 428
373 437
116 430
117 431
371 438
372 437
370 439
119 432
118 431
120 433
368 440
369 439
367 441
122 434
121 433
123 435
365 442
366 441
125 436
124 435
363 443
364 442
126 437
362 444
128 438
127 437
360 445
361 444
129 439
358 446
359 445
131 440
130 439
356 447
357 446
132 441
354 448
355 447
134 442
133 441
352 449
353 448
136 443
135 442
137 444
350 450
351 449
139 445
138 444
348 451
349 450
141 446
140 445
346 452
347 451
143 447
142 446
344 453
345 452
145 448
144 447
342 454
343 453
147 449
146 448
340 455
341 454
149 450
148 449
338 456
339 455
151 451
150 450
337 456
335 457
336 456
153 452
152 451
333 458
334 457
155 453
154 452
332 458
330 459
331 458
157 454
156 453
328 460
329 459
159 455
158 454
327 460
161 456
160 455
325 461
326 460
162 456
324 461
164 457
163 456
322 462
323 461
166 458
165 457
321 462
319 463
320 462
167 458
169 459
168 458
318 463
316 464
317 463
171 460
170 459
315 464
313 465
314 464
172 460
174 461
173 460
312 465
311 465
175 461
309 466
310 465
177 462
176 461
308 466
178 462
306 467
307 466
180 463
179 462
305 467
181 463
304 467
183 464
182 463
302 468
303 467
184 464
301 468
186 465
185 464
300 468
299 468
297 469
298 468
187 465
188 465
190 466
189 465
296 469
295 469
294 469
191 466
292 470
293 469
193 467
192 466
291 470
194 467
290 470
195 467
289 470
197 468
196 467
287 471
288 470
198 468
286 471
199 468
285 471
200 468
284 471
202 469
201 468
283 471
281 472
282 471
203 469
204 469
280 472
205 469
279 472
207 470
206 469
278 472
277 472
276 472
208 470
275 472
209 470
274 472
210 470
272 473
273 472
212 471
211 470
271 473
213 471
270 473
214 471
269 473
215 471
268 473
216 471
267 473
218 472
217 471
266 473
265 473
264 473
219 472
263 473
220 472
262 473
221 472
261 473
222 472
259 474
260 473
223 472
224 472
225 472
258 474
227 473
226 472
257 474
256 474
255 474
228 473
254 474
229 473
253 474
230 473
252 474
231 473
251 474
232 473
250 474
233 473
249 474
234 473
248 474
235 473
247 474
236 473
246 474
237 473
245 474
238 473
244 474
240 474
239 473
243 474
242 474
241 474
