116 54
119 52
118 53
117 54
122 50
121 51
120 52
115 55
124 49
123 50
127 47
126 48
125 49
114 56
129 46
128 47
132 44
131 45
130 46
113 57
134 43
133 44
112 57
136 42
135 43
138 41
137 42
111 58
140 40
139 41
142 39
141 40
110 59
144 38
143 39
109 59
146 37
145 38
148 36
147 37
108 60
150 35
149 36
152 34
151 35
107 61
154 33
153 34
156 32
155 33
106 62
157 32
105 62
159 31
158 32
161 30
160 31
104 63
162 30
164 29
163 30
103 64
166 28
165 29
167 28
102 65
169 27
168 28
170 27
101 66
172 26
171 27
100 66
173 26
175 25
174 26
99 67
176 25
178 24
177 25
98 68
179 24
181 23
180 24
97 69
182 23
184 22
183 23
96 70
185 22
186 22
95 71
188 21
187 22
94 71
189 21
190 21
93 72
192 20
191 21
193 20
92 73
194 20
196 19
195 20
91 74
197 19
198 19
90 75
200 18
199 19
89 76
201 18
88 77
202 18
203 18
87 78
205 17
204 18
86 79
206 17
85 80
207 17
208 17
84 81
209 17
211 16
210 17
83 82
82 83
212 16
213 16
81 84
214 16
215 16
80 85
217 15
216 16
79 86
218 15
78 87
219 15
220 15
77 88
221 15
222 15
76 89
223 15
224 15
75 90
226 14
225 15
74 91
227 14
73 92
228 14
229 14
72 93
230 14
231 14
71 94
232 14
233 14
234 14
71 95
70 96
235 14
236 14
69 97
237 14
239 13
238 14
68 98
67 99
240 13
241 13
66 100
242 13
243 13
244 13
66 101
65 102
245 13
246 13
64 103
247 13
248 13
63 104
249 13
250 13
62 105
251 13
252 13
253 13
62 106
61 107
254 13
255 13
60 108
256 13
257 13
59 109
258 13
259 13
260 13
59 110
58 111
261 14
57 112
262 14
263 14
264 14
57 113
56 114
265 14
266 14
55 115
267 14
268 14
54 116
269 14
270 14
271 14
54 117
53 118
272 14
273 14
52 119
274 15
275 15
52 120
51 121
276 15
277 15
50 122
278 15
279 15
280 15
50 123
49 124
281 15
282 15
49 125
48 126
283 16
284 16
47 127
285 16
286 16
287 16
47 128
46 129
288 16
289 17
46 130
45 131
290 17
291 17
44 132
292 17
293 17
294 17
44 133
43 134
295 18
296 18
43 135
42 136
297 18
298 18
299 18
42 137
41 138
300 19
301 19
41 139
40 140
302 19
303 19
40 141
39 142
304 20
305 20
306 20
39 143
38 144
307 20
308 21
38 145
37 146
309 21
310 21
311 21
37 147
36 148
312 22
313 22
36 149
35 150
314 22
315 22
35 151
34 152
316 23
317 23
318 23
34 153
33 154
319 24
320 24
33 155
32 156
321 24
322 25
32 157
323 25
32 158
31 159
324 25
325 26
31 160
30 161
326 26
327 26
30 162
328 27
30 163
29 164
329 27
330 27
29 165
28 166
331 28
332 28
333 28
28 167
28 168
27 169
334 29
335 29
27 170
336 30
27 171
26 172
337 30
338 30
26 173
339 31
26 174
25 175
340 31
341 32
25 176
342 32
25 177
24 178
343 32
344 33
24 179
345 33
24 180
23 181
346 34
347 34
23 182
23 183
22 184
348 35
349 35
22 185
350 36
22 186
351 36
22 187
21 188
352 37
353 37
21 189
21 190
354 38
21 191
20 192
355 38
356 39
20 193
357 39
20 194
20 195
19 196
358 40
359 40
19 197
360 41
19 198
361 41
19 199
18 200
362 42
363 42
18 201
18 202
364 43
18 203
365 43
18 204
17 205
366 44
367 44
17 206
17 207
368 45
17 208
17 209
369 46
17 210
16 211
370 46
371 47
16 212
372 47
16 213
16 214
373 48
16 215
16 216
15 217
374 49
375 49
15 218
376 50
15 219
377 50
15 220
15 221
378 51
15 222
15 223
379 52
15 224
380 52
15 225
14 226
381 53
14 227
382 54
14 228
383 54
14 229
14 230
384 55
14 231
14 232
385 56
14 233
14 234
386 57
14 235
387 57
14 236
14 237
388 58
14 238
13 239
389 59
390 59
13 240
13 241
391 60
13 242
13 243
392 61
13 244
13 245
393 62
13 246
394 62
13 247
13 248
395 63
13 249
13 250
396 64
13 251
13 252
397 65
13 253
13 254
398 66
13 255
399 66
13 256
13 257
400 67
13 258
13 259
401 68
13 260
402 69
14 261
14 262
403 70
14 263
14 264
404 71
14 265
405 71
14 266
14 267
406 72
14 268
14 269
407 73
14 270
14 271
408 74
14 272
14 273
409 75
15 274
410 76
15 275
15 276
411 77
15 277
15 278
412 78
15 279
15 280
413 79
15 281
15 282
414 80
16 283
415 81
16 284
16 285
416 82
16 286
16 287
417 83
16 288
418 84
17 289
17 290
419 85
17 291
17 292
420 86
17 293
17 294
421 87
18 295
422 88
18 296
18 297
423 89
18 298
18 299
424 90
19 300
425 91
19 301
19 302
426 92
19 303
427 93
20 304
20 305
428 94
20 306
20 307
428 95
429 96
21 308
21 309
430 97
21 310
21 311
431 98
22 312
432 99
22 313
22 314
433 100
22 315
23 316
433 101
434 102
23 317
23 318
435 103
24 319
436 104
24 320
24 321
437 105
25 322
25 323
437 106
438 107
25 324
439 108
26 325
26 326
440 109
26 327
27 328
440 110
441 111
27 329
27 330
442 112
28 331
28 332
442 113
443 114
28 333
444 115
29 334
29 335
445 116
30 336
30 337
445 117
446 118
30 338
447 119
31 339
31 340
447 120
448 121
32 341
32 342
449 122
32 343
33 344
449 123
450 124
33 345
34 346
450 125
451 126
34 347
452 127
35 348
35 349
452 128
453 129
36 350
36 351
453 130
454 131
37 352
37 353
455 132
38 354
38 355
455 133
456 134
39 356
39 357
456 135
457 136
40 358
40 359
457 137
458 138
41 360
41 361
458 139
459 140
42 362
42 363
459 141
460 142
43 364
43 365
460 143
461 144
44 366
44 367
461 145
462 146
45 368
462 147
463 148
46 369
46 370
463 149
464 150
47 371
47 372
464 151
465 152
48 373
49 374
465 153
466 154
49 375
50 376
466 155
467 156
50 377
51 378
467 157
467 158
468 159
52 379
52 380
468 160
469 161
53 381
54 382
469 162
54 383
469 163
470 164
55 384
470 165
471 166
56 385
57 386
471 167
57 387
471 168
472 169
58 388
472 170
59 389
472 171
473 172
59 390
60 391
473 173
473 174
474 175
61 392
62 393
474 176
62 394
474 177
475 178
63 395
475 179
64 396
475 180
476 181
65 397
476 182
66 398
476 183
477 184
66 399
67 400
477 185
477 186
68 401
477 187
478 188
69 402
478 189
70 403
478 190
478 191
479 192
71 404
71 405
479 193
72 406
479 194
479 195
480 196
73 407
74 408
480 197
480 198
75 409
480 199
481 200
76 410
481 201
77 411
481 202
481 203
78 412
481 204
482 205
79 413
482 206
80 414
482 207
482 208
81 415
482 209
482 210
483 211
82 416
83 417
483 212
483 213
84 418
483 214
483 215
85 419
483 216
484 217
86 420
484 218
87 421
484 219
484 220
88 422
484 221
484 222
89 423
484 223
484 224
90 424
484 225
485 226
91 425
485 227
92 426
485 228
485 229
93 427
485 230
485 231
94 428
485 232
485 233
485 234
96 429
95 428
485 235
485 236
97 430
485 237
485 238
486 239
98 431
99 432
486 240
486 241
100 433
486 242
486 243
486 244
102 434
101 433
486 245
486 246
103 435
486 247
486 248
104 436
486 249
486 250
105 437
486 251
486 252
486 253
107 438
106 437
486 254
486 255
108 439
486 256
486 257
109 440
486 258
486 259
486 260
111 441
110 440
485 261
112 442
485 262
485 263
485 264
114 443
113 442
485 265
485 266
115 444
485 267
485 268
116 445
485 269
485 270
485 271
118 446
117 445
485 272
485 273
119 447
484 274
484 275
121 448
120 447
484 276
484 277
122 449
484 278
484 279
484 280
124 450
123 449
484 281
484 282
126 451
125 450
483 283
483 284
127 452
483 285
483 286
483 287
129 453
128 452
483 288
482 289
131 454
130 453
482 290
482 291
132 455
482 292
482 293
482 294
134 456
133 455
481 295
481 296
136 457
135 456
481 297
481 298
481 299
138 458
137 457
480 300
480 301
140 459
139 458
480 302
480 303
142 460
141 459
479 304
479 305
479 306
144 461
143 460
479 307
478 308
146 462
145 461
478 309
478 310
478 311
148 463
147 462
477 312
477 313
150 464
149 463
477 314
477 315
152 465
151 464
476 316
476 317
476 318
154 466
153 465
475 319
475 320
156 467
155 466
475 321
474 322
157 467
474 323
159 468
158 467
474 324
473 325
161 469
160 468
473 326
473 327
162 469
472 328
164 470
163 469
472 329
472 330
166 471
165 470
471 331
471 332
471 333
167 471
169 472
168 471
470 334
470 335
170 472
469 336
172 473
171 472
469 337
469 338
173 473
468 339
175 474
174 473
468 340
467 341
176 474
467 342
178 475
177 474
467 343
466 344
179 475
466 345
181 476
180 475
465 346
465 347
182 476
184 477
183 476
464 348
464 349
185 477
463 350
186 477
463 351
188 478
187 477
462 352
462 353
189 478
190 478
461 354
192 479
191 478
461 355
460 356
193 479
460 357
194 479
196 480
195 479
459 358
459 359
197 480
458 360
198 480
458 361
200 481
199 480
457 362
457 363
201 481
202 481
456 364
203 481
456 365
205 482
204 481
455 366
455 367
206 482
207 482
454 368
208 482
209 482
453 369
211 483
210 482
453 370
452 371
212 483
452 372
213 483
214 483
451 373
215 483
217 484
216 483
450 374
450 375
218 484
449 376
219 484
449 377
220 484
221 484
448 378
222 484
223 484
447 379
224 484
447 380
226 485
225 484
446 381
227 485
445 382
228 485
445 383
229 485
230 485
444 384
231 485
232 485
443 385
233 485
234 485
442 386
235 485
442 387
236 485
237 485
441 388
239 486
238 485
440 389
440 390
240 486
241 486
439 391
242 486
243 486
438 392
244 486
245 486
437 393
246 486
437 394
247 486
248 486
436 395
249 486
250 486
435 396
251 486
252 486
434 397
253 486
254 486
433 398
255 486
433 399
256 486
257 486
432 400
258 486
259 486
431 401
260 486
430 402
261 485
262 485
429 403
263 485
264 485
428 404
265 485
428 405
266 485
267 485
427 406
268 485
269 485
426 407
270 485
271 485
425 408
272 485
273 485
424 409
274 484
423 410
275 484
276 484
422 411
277 484
278 484
421 412
279 484
280 484
420 413
281 484
282 484
419 414
283 483
418 415
284 483
285 483
417 416
286 483
287 483
416 417
288 483
415 418
289 482
290 482
414 419
291 482
292 482
413 420
293 482
294 482
412 421
295 481
411 422
296 481
297 481
410 423
298 481
299 481
409 424
300 480
408 425
301 480
302 480
407 426
303 480
406 427
304 479
305 479
405 428
306 479
307 479
403 429
404 428
308 478
309 478
402 430
310 478
311 478
401 431
312 477
400 432
313 477
314 477
399 433
315 477
316 476
397 434
398 433
317 476
318 476
396 435
319 475
395 436
320 475
321 475
394 437
322 474
323 474
392 438
393 437
324 474
391 439
325 473
326 473
390 440
327 473
328 472
388 441
389 440
329 472
330 472
387 442
331 471
332 471
385 443
386 442
333 471
384 444
334 470
335 470
383 445
336 469
337 469
381 446
382 445
338 469
380 447
339 468
340 468
378 448
379 447
341 467
342 467
377 449
343 467
344 466
375 450
376 449
345 466
346 465
373 451
374 450
347 465
372 452
348 464
349 464
370 453
371 452
350 463
351 463
368 454
369 453
352 462
353 462
367 455
354 461
355 461
365 456
366 455
356 460
357 460
363 457
364 456
358 459
359 459
361 458
362 457
360 458
