413 250
413 251
413 249
413 252
413 248
413 253
413 247
413 254
413 246
413 255
413 245
413 256
413 244
413 257
413 243
413 258
413 242
413 259
413 241
413 260
413 240
413 261
413 239
413 262
413 238
413 263
413 237
413 264
413 236
413 265
412 266
413 235
413 234
412 233
412 267
412 268
412 232
412 269
412 231
412 270
412 230
412 271
412 229
412 272
412 228
412 273
412 227
364 255
412 274
412 226
359 251
360 252
361 253
362 254
363 255
364 256
365 257
366 258
367 259
412 275
411 276
412 225
357 250
358 251
359 248
360 247
361 246
362 245
363 244
364 243
365 242
366 241
367 240
367 260
368 261
412 224
411 223
411 277
357 249
358 248
367 239
368 238
368 262
369 263
369 237
411 278
411 222
369 264
370 265
369 236
411 279
411 221
369 235
370 234
370 266
411 280
411 220
370 267
371 268
370 233
411 281
410 282
411 219
370 232
371 231
371 269
411 218
410 217
410 283
371 270
371 230
410 284
410 216
371 271
371 229
410 285
410 215
371 272
371 228
410 286
410 214
371 273
372 274
371 227
410 287
409 288
410 213
409 212
371 226
372 225
372 275
409 289
409 211
372 276
372 224
409 290
409 210
409 291
408 292
409 209
371 277
371 223
409 208
408 207
408 293
371 278
371 222
408 294
408 206
371 279
371 221
408 295
407 296
408 205
371 280
371 220
408 204
407 203
407 297
371 281
371 219
407 298
407 202
371 282
371 218
407 299
406 300
407 201
371 217
407 200
406 199
406 301
370 283
406 302
406 198
370 284
370 216
406 303
405 304
406 197
370 285
370 215
406 196
405 195
405 305
370 214
405 306
404 307
405 194
369 286
405 193
404 192
404 308
369 287
369 213
404 309
403 310
404 191
369 212
404 190
403 189
403 311
368 288
403 312
402 313
403 188
368 289
368 211
403 187
402 186
402 314
368 210
402 315
401 316
402 185
367 290
402 184
401 183
401 317
367 209
401 318
400 319
401 182
366 291
367 208
401 181
400 180
400 320
399 321
366 292
400 179
399 178
399 322
366 207
399 323
398 324
399 177
365 293
399 176
398 175
365 206
398 325
397 326
364 294
398 174
397 173
364 205
363 295
397 327
363 204
397 328
396 329
397 172
362 296
397 171
396 170
362 203
361 297
396 330
395 331
361 202
396 169
395 168
359 298
360 297
360 201
395 332
394 333
395 167
394 166
358 299
358 200
359 201
394 334
393 335
394 165
393 164
356 300
357 299
356 199
357 200
393 336
392 337
393 163
392 162
354 301
355 300
354 198
355 199
392 338
391 339
392 161
391 160
353 301
351 302
352 301
353 198
391 340
390 341
351 197
352 198
391 159
390 158
350 302
390 342
389 343
349 302
350 197
390 157
389 156
347 303
348 302
349 197
388 344
347 196
348 197
388 155
346 303
388 345
387 346
345 303
346 196
388 154
387 153
344 303
345 196
343 303
344 196
387 347
386 348
343 196
387 152
386 151
342 302
342 197
386 349
385 350
341 301
386 150
385 149
341 198
384 351
384 148
341 300
341 299
341 199
384 352
383 353
341 200
384 147
383 146
342 298
382 354
342 201
383 145
382 144
343 298
382 355
381 356
344 298
343 201
381 143
346 297
345 298
344 201
380 357
346 202
345 201
380 142
347 297
380 358
379 359
348 297
347 202
380 141
379 140
349 297
348 202
378 360
351 296
350 297
349 202
378 139
351 203
350 202
378 361
377 362
353 295
352 296
378 138
377 137
352 203
376 363
354 204
353 203
376 136
355 294
354 295
375 364
355 205
376 135
375 134
357 293
356 294
375 365
374 366
357 206
356 205
374 133
358 292
373 367
358 207
373 132
359 291
373 368
372 369
359 208
372 131
360 290
371 370
360 209
361 289
372 130
371 129
370 371
361 210
362 288
370 128
369 372
362 211
363 287
369 127
363 286
368 373
363 212
298 304
363 213
368 126
298 305
364 285
298 195
298 306
297 303
364 284
368 374
367 375
298 194
364 214
298 307
297 302
321 278
322 277
323 276
297 196
298 193
364 215
368 125
367 124
298 308
297 301
320 278
323 275
324 274
325 273
365 283
366 376
297 197
298 192
321 221
322 222
323 223
298 309
297 300
319 278
325 272
365 282
297 198
298 191
320 221
323 224
324 225
365 216
366 123
298 310
297 299
318 278
325 271
326 270
365 377
297 199
298 190
319 221
324 226
325 227
365 217
298 311
297 298
326 269
327 268
366 281
297 200
298 189
318 221
325 228
326 229
365 122
298 312
297 297
317 277
327 267
328 266
366 280
364 378
297 201
298 188
326 230
327 231
366 218
298 313
297 296
298 295
316 277
328 265
366 279
340 253
297 202
298 203
298 187
317 222
327 232
328 233
366 219
364 121
298 314
299 315
298 294
328 264
329 263
338 254
339 253
366 278
341 253
363 379
298 204
298 186
299 185
316 222
328 234
339 245
366 220
340 246
298 293
299 316
315 276
329 262
330 261
336 255
337 254
366 277
342 253
298 205
299 184
328 235
329 236
338 245
366 221
341 246
363 120
298 292
299 317
330 260
331 259
332 258
333 257
334 256
335 255
366 276
362 380
298 206
299 183
315 223
329 237
330 238
336 244
337 245
366 222
342 246
298 291
299 318
366 275
343 252
298 207
299 182
330 239
331 240
332 241
333 242
334 243
335 244
366 223
362 119
298 290
299 319
315 275
314 274
366 274
344 252
361 381
298 208
299 181
366 224
343 247
298 289
299 320
300 321
366 273
345 252
298 209
299 180
315 224
314 225
366 225
344 247
298 288
299 287
300 322
313 273
366 272
346 252
360 382
298 210
299 179
300 178
366 226
345 247
362 118
361 117
299 286
300 323
366 271
347 252
298 211
299 212
300 177
313 226
366 227
346 247
360 117
299 285
300 324
366 270
349 253
348 252
359 383
299 213
300 176
366 228
348 246
347 247
299 284
300 283
300 325
313 272
312 271
366 269
365 268
350 253
299 214
300 175
366 229
349 246
359 116
300 326
301 327
300 282
365 267
352 254
351 253
358 384
299 215
300 216
300 174
313 227
312 228
366 230
365 231
350 246
300 281
301 280
301 328
365 266
364 265
354 255
353 254
300 217
300 173
301 172
365 232
352 245
351 246
358 115
301 329
301 279
312 270
364 264
363 263
362 262
357 257
356 256
355 255
357 385
300 218
301 219
301 171
365 233
364 234
354 244
353 245
301 330
301 278
302 277
312 269
311 268
362 261
361 260
360 259
359 258
358 257
301 220
302 221
301 170
312 229
364 235
363 236
362 237
357 242
356 243
355 244
357 114
301 331
302 332
302 276
303 275
304 274
356 386
301 169
302 222
312 230
311 231
362 238
361 239
360 240
359 241
358 242
302 333
304 273
305 272
301 168
302 167
302 223
303 224
304 225
356 113
302 334
305 271
306 270
307 269
308 268
311 267
310 266
355 387
302 166
304 226
305 227
302 335
308 267
309 266
302 165
305 228
306 229
307 230
308 231
311 232
310 233
355 112
302 336
354 388
302 164
308 232
309 233
302 337
303 338
302 163
354 111
303 339
353 389
302 162
303 161
303 340
303 160
353 110
303 341
352 390
303 159
303 342
303 158
352 109
303 343
304 344
351 391
303 157
304 345
303 156
304 155
351 108
304 346
350 392
304 154
304 347
304 153
350 107
304 348
349 393
304 152
304 349
305 350
304 151
349 106
305 351
348 394
304 150
305 149
305 352
305 148
348 105
305 353
347 395
305 147
305 354
305 146
347 104
305 355
346 396
305 145
305 356
345 396
305 144
346 103
305 357
305 143
345 103
305 358
344 397
305 142
305 359
305 141
344 102
305 360
343 398
305 140
305 361
305 139
343 101
305 362
306 363
342 399
305 138
306 137
306 364
306 136
342 100
306 365
341 400
306 135
306 366
306 134
341 99
340 401
306 133
305 367
339 401
340 98
305 368
305 132
339 98
305 369
338 402
305 131
305 370
305 130
338 97
305 371
337 403
305 129
305 372
305 128
337 96
305 373
336 404
305 127
305 374
335 404
305 126
336 95
305 375
305 125
335 95
305 376
334 405
305 124
305 123
334 94
304 377
333 406
304 378
304 122
333 93
304 379
332 407
304 121
304 380
331 407
304 120
332 92
304 119
331 92
303 381
330 408
303 382
303 118
330 91
303 383
329 409
303 117
303 384
328 409
303 116
329 90
303 115
328 90
302 385
312 395
327 410
302 386
312 396
302 114
327 89
311 396
326 411
302 113
312 103
301 387
311 397
325 411
302 112
311 103
326 88
301 388
310 397
311 398
310 103
311 102
301 389
309 397
324 412
301 111
311 101
325 87
308 397
310 399
301 110
309 102
324 87
300 390
310 400
323 413
310 100
300 391
307 398
322 413
300 109
308 101
310 99
323 86
306 398
309 401
300 108
307 101
322 86
299 392
309 402
321 414
306 101
309 98
299 393
305 399
299 107
309 97
321 85
304 399
308 403
320 415
299 106
305 100
298 394
303 399
308 404
319 415
304 100
308 96
320 84
298 105
303 100
308 95
319 84
297 395
302 400
307 405
318 416
297 396
301 400
297 104
302 99
307 94
318 83
300 400
306 406
317 417
297 103
301 99
307 93
296 397
299 400
306 407
316 417
300 99
317 82
296 102
306 92
316 82
295 398
298 401
305 408
315 418
299 98
297 401
305 409
314 418
295 101
298 98
305 91
315 81
294 399
296 401
297 98
305 90
314 81
295 401
304 410
313 419
294 100
296 98
293 400
294 401
312 419
295 98
304 89
313 80
303 411
293 99
294 98
312 80
303 412
311 420
303 88
310 420
303 87
311 79
302 413
309 421
302 86
310 78
301 414
309 78
308 422
301 85
300 415
307 422
308 77
300 416
300 84
307 77
306 423
299 417
305 423
299 83
306 76
299 82
305 76
298 418
304 424
303 424
298 81
304 75
297 419
303 75
302 425
297 80
296 420
301 425
302 74
300 425
296 79
301 74
295 421
300 74
299 426
295 78
294 422
298 426
295 77
299 73
294 423
298 73
297 427
294 76
293 424
296 427
297 72
293 75
296 72
292 425
295 428
294 428
292 74
295 71
291 426
293 428
294 71
291 73
293 71
290 427
292 429
291 429
290 72
292 70
289 428
290 429
291 70
288 71
289 72
290 69
289 69
287 70
288 69
