150 130
151 130
152 130
149 129
153 130
148 129
154 130
147 129
155 130
146 129
150 175
157 131
156 130
151 175
145 129
149 175
158 131
152 175
144 129
148 175
159 131
153 175
147 175
161 132
160 131
154 175
143 128
145 174
146 175
162 132
156 174
155 175
142 128
144 174
163 132
157 174
141 128
142 173
143 174
164 132
159 173
158 174
140 128
141 173
183 150
182 151
166 133
165 132
162 171
161 172
160 173
139 172
139 128
140 173
183 149
182 152
181 153
180 154
167 133
165 169
164 170
163 171
136 170
137 171
138 172
138 128
183 148
180 155
179 156
178 157
177 158
176 159
175 160
173 162
172 163
171 164
170 165
169 166
169 134
168 167
168 133
167 168
166 169
133 168
134 169
135 170
137 128
175 161
174 162
170 134
130 166
131 167
132 168
136 128
184 147
172 135
171 134
127 164
128 165
129 166
135 128
184 146
173 135
123 161
124 162
125 163
126 164
134 128
184 145
175 136
174 135
116 155
117 156
118 157
119 158
120 159
121 160
122 161
133 128
184 144
183 143
177 137
176 136
110 150
111 151
112 152
113 153
114 154
115 155
132 128
183 142
182 141
181 140
180 139
179 138
178 137
131 128
109 149
130 128
109 148
129 128
128 128
108 147
127 128
126 128
107 146
125 128
124 128
106 145
123 128
122 128
105 144
121 128
105 143
120 128
119 128
104 142
118 128
117 128
103 141
116 128
115 128
102 140
114 128
102 139
113 128
112 128
101 138
111 128
101 137
110 128
109 128
100 136
107 129
108 128
100 135
106 129
100 134
105 129
100 133
103 130
104 129
100 132
102 130
100 131
101 130
