150 369
151 369
152 369
149 370
153 369
148 370
154 369
147 370
156 368
155 369
146 370
157 368
145 370
158 368
144 370
150 324
159 368
151 324
143 370
149 324
161 367
160 368
152 324
148 324
162 367
153 324
142 371
147 324
163 367
154 324
141 371
145 325
146 324
165 366
164 367
156 325
155 324
140 371
144 325
166 366
157 325
139 371
143 325
183 350
167 366
160 327
159 326
158 325
138 371
141 326
142 325
183 351
183 349
182 348
169 365
168 366
162 328
161 327
137 371
139 327
140 326
182 347
181 346
180 345
170 365
166 331
165 330
164 329
163 328
136 371
136 329
137 328
138 327
184 352
180 344
179 343
178 342
177 341
176 340
172 364
172 336
171 365
171 335
170 334
169 333
168 332
167 331
134 330
135 371
135 329
184 353
176 339
175 338
174 337
173 364
173 336
131 332
132 331
133 330
134 371
184 354
175 363
174 364
127 335
128 334
129 333
130 332
133 371
184 355
183 356
177 362
176 363
123 338
124 337
125 336
126 335
132 371
183 357
182 358
181 359
180 360
179 361
178 362
117 343
118 342
119 341
120 340
121 339
122 338
131 371
109 350
110 349
111 348
112 347
113 346
114 345
115 344
116 343
130 371
109 351
129 371
128 371
108 352
127 371
126 371
107 353
125 371
124 371
106 354
123 371
122 371
105 355
121 371
120 371
104 356
119 371
104 357
118 371
117 371
103 358
116 371
103 359
115 371
114 371
102 360
113 371
112 371
101 361
111 371
101 362
110 371
108 370
109 371
100 363
107 370
100 364
106 370
100 365
105 370
100 366
103 369
104 370
100 367
102 369
100 368
101 369
