256 159
257 159
255 159
279 180
258 159
254 159
279 179
259 159
232 180
253 159
280 181
279 178
260 159
232 181
232 179
252 159
280 182
279 177
262 160
261 159
232 182
232 178
250 160
251 159
280 183
279 176
278 175
263 160
232 183
232 177
233 176
249 160
256 207
280 184
278 174
265 161
264 160
257 207
232 184
233 175
248 160
255 207
280 185
279 186
278 173
277 172
276 171
267 162
266 161
258 207
232 185
233 174
234 173
246 161
247 160
254 207
279 187
276 170
275 169
274 168
273 167
272 166
271 165
270 164
269 163
268 162
260 206
259 207
232 186
234 172
235 171
243 163
244 162
245 161
253 207
279 188
261 206
232 187
235 170
236 169
237 168
238 167
239 166
240 165
241 164
242 163
251 206
252 207
279 189
278 190
262 206
232 188
233 189
250 206
278 191
264 205
263 206
233 190
249 206
278 192
277 193
266 204
265 205
233 191
247 205
248 206
277 194
276 195
268 203
267 204
233 192
234 193
235 194
245 204
246 205
276 196
275 197
274 198
273 199
272 200
271 201
270 202
269 203
235 195
236 196
242 202
243 203
244 204
236 197
237 198
238 199
239 200
240 201
241 202
