252 147
253 147
251 147
254 147
249 148
250 147
255 147
248 148
246 149
247 148
257 147
256 146
244 150
245 149
258 147
242 151
243 150
259 147
238 154
239 153
240 152
241 151
260 147
236 155
237 154
262 148
261 147
263 148
235 156
265 149
264 148
267 150
266 149
234 157
269 151
268 150
272 153
271 152
270 151
233 158
275 155
274 154
273 153
232 159
276 156
231 160
277 157
230 161
278 158
229 162
279 159
229 163
280 160
228 164
228 165
281 161
227 166
282 162
282 163
226 167
226 168
283 164
226 169
284 165
225 170
284 166
225 171
225 172
285 167
285 168
224 173
224 174
286 169
224 175
286 170
224 176
286 171
223 177
287 172
223 178
287 173
223 179
287 174
223 180
223 181
288 175
223 182
288 176
223 183
288 177
223 184
288 178
223 185
288 179
223 186
288 180
223 187
288 181
223 188
224 189
288 182
224 190
288 183
224 191
288 184
224 192
225 193
288 185
225 194
288 186
225 195
226 196
288 187
226 197
227 198
288 188
227 199
228 200
229 201
288 189
229 202
230 203
231 204
232 205
288 190
288 191
287 192
233 206
287 193
287 194
286 195
234 207
286 196
285 197
285 198
235 208
285 199
284 200
283 201
283 202
282 203
281 204
236 209
281 205
280 206
237 210
279 207
238 211
278 208
239 212
277 209
240 212
276 210
241 213
275 211
242 214
243 214
274 212
273 212
244 215
272 213
245 216
246 216
271 214
247 217
270 215
248 217
269 215
249 217
268 216
250 218
267 216
251 218
266 217
252 219
265 217
253 219
264 217
254 219
255 219
263 218
256 219
262 218
257 219
261 218
258 219
259 219
260 219
