260 293
261 293
279 310
262 293
259 292
279 311
279 309
278 308
264 294
263 293
258 292
279 312
278 307
277 306
265 294
257 292
279 313
277 305
276 304
268 296
267 295
266 294
256 292
279 314
276 303
275 302
274 301
273 300
272 299
271 298
270 297
269 296
255 292
254 292
280 315
253 292
280 316
251 293
252 292
280 317
250 293
280 318
279 319
232 310
233 309
249 293
279 320
232 311
233 308
234 307
247 294
248 293
279 321
261 339
232 312
234 306
245 295
246 294
260 340
279 322
262 339
232 313
234 305
235 304
236 303
242 297
243 296
244 295
259 340
279 323
278 324
263 339
232 314
236 302
237 301
238 300
239 299
240 298
241 297
258 340
278 325
277 326
265 338
264 339
232 315
257 340
277 327
276 328
267 337
266 338
232 316
256 340
276 329
275 330
274 331
273 332
272 333
271 334
270 335
269 336
268 337
232 317
255 340
232 318
254 340
232 319
253 340
232 320
252 340
232 321
250 339
251 340
232 322
233 323
249 339
233 324
247 338
248 339
233 325
234 326
246 338
234 327
235 328
243 336
244 337
245 338
235 329
236 330
237 331
238 332
239 333
240 334
241 335
242 336
