77 127
77 123
80 121
84 120
88 119
93 118
99 117
110 116
152 115
162 116
170 117
177 118
182 119
187 120
192 121
197 122
214 123
256 106
263 99
264 97
265 95
266 93
267 87
268 71
269 67
269 66
270 65
272 64
279 65
288 66
294 68
301 71
311 75
323 82
334 88
339 91
349 98
359 106
374 121
383 132
386 136
398 154
402 162
405 167
412 185
417 200
420 212
423 231
424 232
424 271
421 290
415 312
410 325
406 334
402 341
398 348
389 362
383 370
379 375
369 387
353 401
344 408
334 415
327 419
316 425
310 428
299 433
290 436
279 438
272 439
269 437
268 435
268 432
267 416
262 403
256 397
249 394
242 391
230 387
219 382
215 381
198 380
186 383
170 386
151 388
101 387
85 384
78 381
77 380
77 376
86 360
97 345
102 339
111 329
125 314
135 306
140 300
143 294
140 265
140 237
143 209
140 203
135 198
128 191
111 175
102 164
91 150
84 140
78 130
77 127