288 72
289 71
314 82
339 99
363 120
377 137
392 161
400 178
405 192
411 215
414 236
414 251
414 267
412 283
404 314
397 332
386 351
366 379
347 398
339 404
318 419
307 425
298 429
291 431
290 430
295 425
301 418
312 400
313 397
304 401
295 403
294 402
299 396
303 387
306 378
307 368
306 364
303 339
299 316
298 305
299 290
301 283
304 277
308 271
310 268
313 273
318 279
322 280
325 276
329 266
333 260
340 255
349 254
357 258
361 261
364 265
366 270
367 283
363 290
357 296
351 299
346 300
342 302
344 305
352 304
357 302
360 300
366 295
370 288
372 284
372 289
373 276
371 267
367 259
358 252
358 251
367 243
371 234
373 227
372 219
368 210
362 204
353 200
344 198
342 200
342 201
342 202
351 204
355 206
363 213
367 220
367 232
362 241
357 245
352 248
344 249
336 246
331 241
324 225
322 223
316 225
313 230
311 235
304 226
301 218
299 205
298 198
300 181
303 164
305 152
307 139
307 135
306 125
302 112
294 101
295 100
300 100
309 103
311 105
313 105
307 94
294 77
288 72