269 66
269 67
269 68
269 69
268 70
268 71
268 72
267 73
268 73
267 74
267 75
267 76
267 77
267 78
267 79
267 80
267 81
267 82
267 83
267 84
267 85
267 86
267 87
267 88
267 89
267 90
267 91
266 92
266 93
265 94
266 94
265 95
264 96
265 96
264 97
263 98
264 98
263 99
374 121
374 122
375 122
375 123
376 123
376 124
377 124
377 125
378 125
378 126
379 127
380 128
380 129
381 129
381 130
382 130
382 131
383 131
383 132
383 133
384 133
384 134
385 134
385 135
386 135
386 136
386 137
387 137
387 138
388 138
388 139
389 140
389 141
390 141
390 142
391 142
391 143
391 144
392 144
392 145
393 145
393 146
394 147
394 148
395 148
395 149
395 150
396 150
396 151
397 151
397 152
397 153
398 153
398 154
398 155
399 155
399 156
399 157
400 157
400 158
400 159
401 159
401 160
401 161
402 161
402 162
402 163
403 163
403 164
404 165
404 166
405 166
405 167
405 168
406 168
406 169
406 170
407 170
407 171
407 172
408 172
408 173
408 174
409 175
409 176
409 177
410 177
410 178
410 179
410 180
411 181
411 182
411 183
412 184
412 185
412 186
413 186
413 187
413 188
413 189
414 189
414 190
414 191
414 192
415 192
415 193
415 194
415 195
416 195
416 196
416 197
416 198
417 198
417 199
417 200
417 201
417 202
418 202
418 203
418 204
418 205
418 206
419 207
419 208
419 209
419 210
420 210
420 211
420 212
420 213
421 213
421 214
421 215
421 216
421 217
422 218
422 219
422 220
422 221
422 222
422 223
422 224
423 224
423 225
423 226
423 227
423 228
423 229
424 229
424 230
424 231
424 232
424 233
424 234
424 235
424 236
424 237
424 238
424 239
424 240
424 241
424 242
424 243
424 244
424 245
424 246
424 247
424 248
424 249
424 250
424 251
424 252
424 253
424 254
424 255
424 256
424 257
424 258
424 259
424 260
424 261
424 262
424 263
424 264
424 265
424 266
424 267
424 268
424 269
424 270
424 271
424 272
424 273
424 274
424 275
424 276
423 277
424 277
423 278
423 279
423 280
423 281
423 282
422 283
423 283
422 284
422 285
422 286
422 287
421 288
421 289
421 290
421 291
420 292
421 292
420 293
420 294
420 295
420 296
419 297
419 298
419 299
419 300
418 301
418 302
418 303
417 304
418 304
417 305
417 306
417 307
416 308
416 309
416 310
415 311
415 312
414 313
415 313
414 314
414 315
413 316
414 316
413 317
413 318
412 319
412 320
411 321
412 321
411 322
411 323
410 324
411 324
410 325
409 326
410 326
409 327
409 328
408 329
408 330
407 331
408 331
407 332
406 333
407 333
406 334
405 335
406 335
405 336
404 337
405 337
403 338
404 338
403 339
402 340
403 340
402 341
401 342
402 342
401 343
400 344
401 344
399 345
400 345
399 346
398 347
399 347
398 348
397 349
398 349
397 350
396 351
395 352
396 352
395 353
394 354
395 354
394 355
393 356
392 357
393 357
392 358
391 359
390 360
391 360
389 361
390 361
389 362
388 363
389 363
387 364
388 364
386 365
387 365
386 366
385 367
386 367
384 368
385 368
383 369
384 369
383 370
382 371
383 371
381 372
382 372
380 373
381 373
379 374
380 374
379 375
378 376
379 376
377 377
378 377
376 378
377 378
375 379
376 379
374 380
375 380
374 381
373 382
374 382
372 383
373 383
371 384
372 384
370 385
371 385
369 386
370 386
369 387
256 397
257 397
257 398
258 398
258 399
259 399
259 400
260 400
260 401
261 401
261 402
262 402
262 403
263 404
263 405
264 405
264 406
264 407
265 407
265 408
265 409
266 410
266 411
266 412
266 413
267 413
267 414
267 415
267 416
267 417
267 418
267 419
268 419
268 420
268 421
268 422
268 423
268 424
268 425
268 426
268 427
268 428
268 429
268 430
268 431
268 432
268 433
268 434
268 435
268 436
269 436
269 437
77 127
77 128
78 129
78 130
78 131
79 131
79 132
79 133
80 133
80 134
80 135
81 135
81 136
82 137
82 138
83 138
83 139
84 139
84 140
84 141
85 141
85 142
86 142
86 143
86 144
87 144
87 145
88 145
88 146
89 147
89 148
90 148
90 149
91 149
91 150
91 151
92 151
92 152
93 152
93 153
94 153
94 154
95 155
95 156
96 156
96 157
97 157
97 158
98 158
98 159
98 160
99 160
99 161
100 161
100 162
101 162
101 163
102 163
102 164
102 165
103 165
103 166
104 166
104 167
105 167
105 168
106 169
107 170
107 171
108 171
108 172
109 172
109 173
110 174
111 175
112 176
113 177
114 178
115 179
116 180
117 181
118 182
119 182
119 183
120 183
120 184
121 184
121 185
122 185
122 186
123 186
123 187
124 187
124 188
125 188
125 189
126 189
126 190
127 190
128 191
129 191
129 192
130 192
130 193
131 194
132 195
133 196
134 197
135 198
136 198
136 199
137 199
137 200
138 200
138 201
139 201
139 202
140 202
140 203
141 204
141 205
142 205
142 206
142 207
143 208
143 209
143 210
143 211
144 211
144 212
144 213
144 214
144 215
144 216
144 217
144 218
144 219
144 220
143 221
144 221
143 222
143 223
143 224
143 225
143 226
142 227
142 228
142 229
142 230
141 231
141 232
141 233
141 234
140 235
140 236
140 237
140 238
140 239
139 240
139 241
139 242
139 243
139 244
139 245
139 246
139 247
139 248
139 249
139 250
139 251
139 252
139 253
139 254
139 255
139 256
139 257
139 258
139 259
139 260
139 261
139 262
140 262
140 263
140 264
140 265
140 266
140 267
141 267
141 268
141 269
141 270
141 271
142 271
142 272
142 273
142 274
142 275
143 275
143 276
143 277
143 278
143 279
144 279
144 280
144 281
144 282
144 283
144 284
144 285
144 286
144 287
144 288
144 289
144 290
144 291
144 292
143 293
143 294
142 295
143 295
142 296
142 297
141 298
140 299
141 299
140 300
139 301
140 301
138 302
139 302
138 303
137 304
136 305
135 306
133 307
134 307
132 308
133 308
131 309
132 309
130 310
131 310
128 311
129 311
127 312
128 312
126 313
127 313
125 314
126 314
123 315
124 315
122 316
123 316
121 317
122 317
120 318
121 318
119 319
120 319
118 320
119 320
117 321
118 321
117 322
116 323
115 324
116 324
114 325
115 325
113 326
114 326
112 327
113 327
111 328
112 328
111 329
110 330
111 330
109 331
110 331
108 332
109 332
107 333
108 333
106 334
107 334
105 335
106 335
104 336
105 336
103 337
104 337
102 338
103 338
102 339
101 340
102 340
100 341
101 341
99 342
100 342
98 343
99 343
97 344
98 344
97 345
96 346
97 346
95 347
96 347
94 348
95 348
94 349
93 350
94 350
92 351
93 351
91 352
92 352
91 353
90 354
91 354
89 355
90 355
89 356
88 357
89 357
87 358
88 358
86 359
87 359
86 360
85 361
86 361
84 362
85 362
84 363
83 364
82 365
81 366
82 366
81 367
80 368
79 369
80 369
79 370
78 371
79 371
78 372
78 373
77 374
77 375
77 376
77 377
77 378
77 379
77 380
77 123
78 122
78 123
79 121
79 122
80 121
81 121
82 120
83 120
84 120
85 120
86 119
86 120
87 119
88 119
89 119
90 119
91 118
92 118
93 118
94 118
95 118
96 117
96 118
97 117
98 117
99 117
100 117
101 117
102 117
103 117
104 116
105 116
106 116
107 116
108 116
109 116
110 116
111 116
112 116
113 116
114 116
115 116
116 116
117 116
118 115
119 115
120 115
121 115
122 115
123 115
124 115
125 115
126 115
127 115
128 115
129 115
130 115
131 115
132 115
133 115
134 115
135 115
136 115
137 115
138 115
139 115
140 115
141 115
142 115
143 115
144 115
145 115
146 115
147 115
148 115
149 115
150 115
151 115
152 115
153 115
154 115
155 115
156 115
157 115
158 116
159 116
160 116
161 116
162 116
163 116
164 116
165 116
166 116
166 117
167 117
168 117
169 117
170 117
171 117
172 117
173 117
174 118
175 118
176 118
177 118
178 118
179 118
180 119
181 119
182 119
183 119
184 119
184 120
185 120
186 120
187 120
188 120
189 120
190 121
191 121
192 121
193 121
194 121
194 122
195 122
196 122
197 122
198 122
199 122
200 122
201 123
202 123
203 123
204 123
205 123
206 123
207 123
208 123
209 123
210 123
211 123
212 123
213 123
214 123
215 123
216 123
217 123
218 123
219 123
220 123
221 122
222 122
223 122
224 122
225 122
226 122
227 121
228 121
229 121
230 121
231 120
231 121
232 120
233 120
234 119
234 120
235 119
236 119
237 118
238 118
239 117
239 118
240 117
241 116
241 117
242 116
243 115
243 116
244 115
245 114
245 115
246 113
246 114
247 113
248 112
248 113
249 112
250 111
251 110
252 109
252 110
253 109
254 108
255 107
256 106
257 105
258 104
259 103
260 102
261 101
262 100
263 99
269 65
269 66
270 65
271 64
271 65
272 64
273 64
274 64
275 64
276 64
277 64
277 65
278 65
279 65
280 65
281 65
282 65
283 65
283 66
284 66
285 66
286 66
287 66
288 66
289 66
290 66
290 67
291 67
292 67
293 68
294 68
295 68
295 69
296 69
297 69
298 70
299 70
300 70
300 71
301 71
302 71
302 72
303 72
304 72
305 72
305 73
306 73
307 73
308 74
309 74
310 74
310 75
311 75
312 75
312 76
313 76
314 76
314 77
315 77
316 78
317 78
317 79
318 79
319 79
319 80
320 80
321 81
322 81
322 82
323 82
324 82
324 83
325 83
326 83
326 84
327 84
328 85
329 85
329 86
330 86
331 86
331 87
332 87
333 87
333 88
334 88
335 88
335 89
336 89
337 90
338 90
338 91
339 91
340 91
340 92
341 92
341 93
342 93
343 93
343 94
344 94
344 95
345 95
346 96
347 96
347 97
348 97
348 98
349 98
350 98
350 99
351 99
351 100
352 100
352 101
353 101
354 102
355 102
355 103
356 103
356 104
357 104
357 105
358 105
358 106
359 106
360 107
361 108
362 109
363 109
363 110
364 110
364 111
365 111
365 112
366 112
366 113
367 113
367 114
368 114
368 115
369 115
369 116
370 117
371 118
372 119
373 120
374 121
269 437
270 437
270 438
271 438
271 439
272 439
273 439
274 439
275 439
276 439
277 439
278 438
279 438
280 438
281 437
281 438
282 437
283 437
284 437
285 437
286 437
287 436
287 437
288 436
289 436
290 436
291 436
292 435
292 436
293 435
294 435
295 434
295 435
296 434
297 434
298 433
299 433
300 432
300 433
301 432
302 432
303 431
304 431
305 430
306 430
307 429
307 430
308 429
309 428
309 429
310 428
311 427
311 428
312 427
313 426
313 427
314 426
315 425
315 426
316 425
317 424
317 425
318 424
319 423
319 424
320 423
321 422
321 423
322 422
323 421
324 420
324 421
325 420
326 419
326 420
327 419
328 418
328 419
329 418
330 417
330 418
331 417
332 416
333 415
333 416
334 415
335 414
335 415
336 413
336 414
337 413
338 412
338 413
339 411
339 412
340 411
341 410
342 409
342 410
343 408
343 409
344 408
345 407
345 408
346 406
346 407
347 405
347 406
348 405
349 404
350 403
350 404
351 402
351 403
352 401
352 402
353 401
354 400
354 401
355 399
355 400
356 398
356 399
357 397
357 398
358 397
359 396
360 395
361 394
362 393
362 394
363 392
363 393
364 391
364 392
365 390
365 391
366 389
366 390
367 388
367 389
368 387
368 388
369 387
77 380
77 381
78 381
79 382
80 382
80 383
81 383
82 383
83 383
83 384
84 384
85 384
86 384
87 384
88 384
88 385
89 385
90 385
91 385
92 385
93 385
93 386
94 386
95 386
96 386
97 386
98 386
98 387
99 387
100 387
101 387
102 387
103 387
104 387
104 388
105 388
106 388
107 388
108 388
109 388
110 388
111 388
112 388
113 388
114 388
114 389
115 389
116 389
117 389
118 389
119 389
120 389
121 389
122 389
123 389
124 389
125 389
126 389
127 389
128 389
129 389
130 389
131 389
132 389
133 389
134 389
135 389
136 389
137 389
138 389
139 389
140 389
141 389
142 389
143 389
144 388
144 389
145 388
146 388
147 388
148 388
149 388
150 388
151 388
152 388
153 388
154 388
155 388
156 388
157 387
158 387
159 387
160 387
161 387
162 387
163 387
164 387
165 387
166 386
166 387
167 386
168 386
169 386
170 386
171 386
172 386
173 386
174 385
175 385
176 385
177 385
178 385
179 385
180 384
181 384
182 384
183 384
184 383
184 384
185 383
186 383
187 383
188 382
188 383
189 382
190 382
191 382
192 381
193 381
194 381
195 381
196 380
197 380
198 380
199 380
200 380
201 380
202 380
203 380
204 380
205 380
206 380
207 380
208 380
209 380
210 380
211 380
212 380
213 381
214 381
215 381
216 381
217 381
217 382
218 382
219 382
220 382
221 383
222 383
223 384
224 384
225 385
226 385
227 385
227 386
228 386
229 386
229 387
230 387
231 387
231 388
232 388
233 388
234 388
234 389
235 389
236 389
237 389
237 390
238 390
239 390
240 390
241 391
242 391
243 391
243 392
244 392
245 392
246 392
246 393
247 393
248 393
248 394
249 394
250 394
250 395
251 395
252 395
253 396
254 396
255 396
255 397
256 397
