363 120
363 121
364 121
364 122
365 122
365 123
366 123
366 124
367 124
367 125
368 125
368 126
369 127
370 128
370 129
371 129
371 130
372 130
372 131
373 132
374 133
374 134
375 134
375 135
376 135
376 136
377 136
377 137
377 138
378 138
378 139
379 139
379 140
380 141
380 142
381 142
381 143
382 143
382 144
382 145
383 145
383 146
384 147
384 148
385 148
385 149
386 150
386 151
387 151
387 152
387 153
388 153
388 154
388 155
389 155
389 156
390 156
390 157
390 158
391 158
391 159
391 160
392 160
392 161
392 162
393 162
393 163
393 164
394 164
394 165
394 166
395 166
395 167
395 168
396 168
396 169
396 170
397 170
397 171
397 172
398 172
398 173
398 174
399 175
399 176
399 177
400 177
400 178
400 179
401 179
401 180
401 181
401 182
402 182
402 183
402 184
403 185
403 186
403 187
404 188
404 189
404 190
405 191
405 192
405 193
405 194
406 194
406 195
406 196
406 197
407 197
407 198
407 199
407 200
408 201
408 202
408 203
408 204
409 205
409 206
409 207
409 208
410 209
410 210
410 211
410 212
410 213
411 213
411 214
411 215
411 216
411 217
412 218
412 219
412 220
412 221
412 222
413 223
413 224
413 225
413 226
413 227
413 228
413 229
414 230
414 231
414 232
414 233
414 234
414 235
414 236
414 237
414 238
414 239
414 240
414 241
414 242
414 243
414 244
414 245
414 246
414 247
414 248
414 249
414 250
414 251
414 252
414 253
414 254
414 255
414 256
414 257
414 258
414 259
414 260
414 261
414 262
414 263
414 264
414 265
414 266
414 267
414 268
414 269
414 270
414 271
414 272
413 273
414 273
413 274
413 275
413 276
413 277
413 278
413 279
412 280
413 280
412 281
412 282
412 283
412 284
412 285
411 286
411 287
411 288
411 289
411 290
410 291
410 292
410 293
410 294
409 295
410 295
409 296
409 297
409 298
408 299
409 299
408 300
408 301
407 302
408 302
407 303
407 304
407 305
406 306
407 306
406 307
406 308
406 309
405 310
405 311
405 312
404 313
404 314
404 315
403 316
403 317
403 318
402 319
402 320
402 321
401 322
401 323
400 324
401 324
400 325
400 326
399 327
399 328
398 329
398 330
397 331
398 331
397 332
396 333
397 333
396 334
395 335
396 335
395 336
394 337
395 337
394 338
393 339
394 339
393 340
392 341
391 342
392 342
391 343
390 344
391 344
390 345
389 346
388 347
389 347
388 348
387 349
386 350
387 350
386 351
385 352
386 352
384 353
385 353
384 354
383 355
384 355
382 356
383 356
382 357
381 358
380 359
381 359
380 360
379 361
378 362
379 362
378 363
377 364
376 365
377 365
375 366
376 366
375 367
374 368
373 369
374 369
372 370
373 370
372 371
371 372
370 373
371 373
369 374
370 374
369 375
368 376
369 376
367 377
368 377
366 378
367 378
366 379
313 397
313 398
312 399
312 400
312 401
311 402
311 403
310 404
310 405
309 406
308 407
309 407
308 408
307 409
308 409
307 410
306 411
305 412
306 412
305 413
304 414
303 415
304 415
302 416
303 416
301 417
302 417
301 418
300 419
301 419
299 420
300 420
298 421
299 421
297 422
298 422
296 423
297 423
296 424
295 425
294 426
293 427
292 428
291 429
290 430
309 268
310 268
308 269
309 269
308 270
309 270
308 271
309 271
310 271
308 272
311 272
312 272
307 273
312 273
313 273
306 274
307 274
314 274
315 274
305 275
306 275
315 275
316 275
304 276
305 276
316 276
317 276
304 277
317 277
303 278
304 278
317 278
318 278
302 279
303 279
318 279
302 280
302 281
301 282
301 283
301 284
300 285
300 286
300 287
299 288
300 288
299 289
299 290
299 291
299 292
298 293
299 293
298 294
298 295
298 296
298 297
298 298
298 299
298 300
298 301
298 302
298 303
298 304
298 305
298 306
298 307
298 308
298 309
298 310
298 311
298 312
299 312
299 313
299 314
299 315
299 316
299 317
299 318
299 319
300 319
300 320
300 321
300 322
300 323
300 324
301 325
301 326
301 327
301 328
301 329
302 330
302 331
302 332
302 333
302 334
302 335
303 336
303 337
303 338
303 339
303 340
303 341
303 342
303 343
303 344
304 344
304 345
304 346
304 347
304 348
304 349
304 350
304 351
304 352
304 353
304 354
304 355
304 356
305 356
305 357
305 358
305 359
305 360
305 361
305 362
306 362
306 363
306 364
306 365
306 366
307 366
307 367
307 368
307 369
307 370
307 371
307 372
307 373
307 374
307 375
306 376
307 376
306 377
306 378
306 379
305 380
305 381
305 382
304 383
304 384
304 385
303 386
303 387
303 388
302 389
302 390
301 391
302 391
301 392
301 393
300 394
299 395
300 395
299 396
298 397
299 397
297 398
298 398
296 399
297 399
295 400
296 400
294 401
295 401
294 402
361 261
361 262
362 262
362 263
363 263
363 264
364 264
364 265
364 266
365 266
365 267
365 268
366 269
366 270
366 271
367 272
367 273
367 274
367 275
367 276
367 277
368 277
368 278
368 279
368 280
367 281
367 282
367 283
367 284
366 285
365 286
366 286
365 287
364 288
365 288
364 289
363 290
362 291
361 292
360 293
359 294
358 295
357 296
358 252
359 252
359 253
360 253
360 254
361 254
362 255
363 255
363 256
364 256
364 257
365 257
366 258
367 259
368 260
368 261
369 261
369 262
369 263
370 263
370 264
370 265
371 266
371 267
371 268
371 269
372 269
372 270
372 271
372 272
373 273
373 274
373 275
373 276
373 277
373 278
373 279
372 280
373 280
372 281
372 282
372 283
371 284
371 285
371 286
370 287
370 288
369 289
370 289
369 290
368 291
369 291
368 292
367 293
366 294
367 294
366 295
362 204
363 204
363 205
364 205
364 206
365 206
365 207
366 207
366 208
367 208
367 209
368 209
368 210
369 211
369 212
370 212
370 213
370 214
371 215
371 216
371 217
372 217
372 218
372 219
372 220
372 221
373 221
373 222
373 223
373 224
373 225
373 226
373 227
373 228
373 229
372 230
372 231
372 232
371 233
371 234
371 235
370 236
370 237
370 238
369 239
370 239
369 240
368 241
369 241
368 242
367 243
366 244
365 245
366 245
364 246
365 246
362 247
363 247
364 247
361 248
362 248
360 249
361 249
359 250
360 250
358 251
359 251
363 213
363 214
364 214
364 215
365 216
365 217
366 217
366 218
366 219
367 219
367 220
367 221
368 221
368 222
368 223
368 224
368 225
368 226
368 227
368 228
368 229
368 230
367 231
367 232
366 233
367 233
366 234
366 235
365 236
364 237
365 237
364 238
363 239
362 240
363 240
362 241
294 101
294 102
295 102
295 103
296 103
296 104
297 104
297 105
298 106
298 107
299 107
299 108
300 108
300 109
301 110
301 111
302 111
302 112
302 113
303 113
303 114
303 115
304 115
304 116
304 117
304 118
305 118
305 119
305 120
305 121
305 122
306 122
306 123
306 124
306 125
306 126
306 127
306 128
306 129
307 129
307 130
307 131
307 132
307 133
307 134
307 135
307 136
307 137
307 138
307 139
307 140
307 141
307 142
307 143
306 144
307 144
306 145
306 146
306 147
306 148
306 149
305 150
305 151
305 152
305 153
305 154
304 155
305 155
304 156
304 157
304 158
304 159
304 160
303 161
304 161
303 162
303 163
303 164
303 165
303 166
302 167
303 167
302 168
302 169
302 170
302 171
302 172
301 173
302 173
301 174
301 175
301 176
301 177
300 178
301 178
300 179
300 180
300 181
300 182
300 183
299 184
299 185
299 186
299 187
299 188
298 189
299 189
298 190
298 191
298 192
298 193
298 194
298 195
298 196
298 197
298 198
298 199
298 200
298 201
298 202
299 202
299 203
299 204
299 205
299 206
299 207
299 208
300 209
300 210
300 211
300 212
300 213
300 214
300 215
301 216
301 217
301 218
301 219
301 220
302 220
302 221
302 222
302 223
303 223
303 224
303 225
304 225
304 226
304 227
305 227
305 228
306 229
307 230
307 231
308 231
308 232
309 232
309 233
310 233
310 234
311 234
311 235
288 72
289 72
289 73
290 73
290 74
291 74
291 75
292 75
292 76
293 76
293 77
294 77
295 78
296 78
296 79
297 80
298 81
298 82
299 82
299 83
300 83
300 84
301 84
301 85
302 86
302 87
303 87
303 88
304 88
304 89
304 90
305 90
305 91
306 91
306 92
306 93
307 93
307 94
307 95
308 95
308 96
308 97
309 97
309 98
310 99
310 100
311 100
311 101
311 102
312 102
312 103
312 104
313 104
313 105
288 71
288 72
289 71
290 70
291 69
291 70
292 69
293 69
294 68
294 69
295 68
296 68
297 69
298 69
299 69
299 70
300 70
301 70
301 71
302 71
303 71
303 72
304 72
304 73
305 73
305 74
306 74
306 75
307 75
307 76
308 76
308 77
309 77
309 78
310 78
311 79
312 80
313 81
314 82
315 83
316 84
317 84
317 85
318 85
318 86
319 86
320 87
321 87
321 88
322 88
323 89
324 89
324 90
325 90
326 91
327 91
327 92
328 92
329 92
329 93
330 93
331 94
332 94
332 95
333 95
334 95
334 96
335 96
335 97
336 97
337 97
337 98
338 98
338 99
339 99
340 99
340 100
341 100
341 101
342 101
342 102
343 102
344 102
344 103
345 103
345 104
346 104
346 105
347 105
348 106
349 107
350 108
351 108
351 109
352 109
352 110
353 110
353 111
354 111
354 112
355 112
355 113
356 113
356 114
357 114
357 115
358 115
358 116
359 116
360 117
361 118
362 119
363 120
290 430
290 431
291 431
292 431
292 432
293 432
294 431
294 432
295 431
296 430
296 431
297 430
298 429
299 428
299 429
300 428
301 427
302 427
303 426
303 427
304 426
305 426
306 425
306 426
307 425
308 424
308 425
309 424
310 424
311 423
312 423
313 422
314 421
314 422
315 421
316 420
317 419
317 420
318 419
319 418
319 419
320 417
320 418
321 417
322 416
323 415
323 416
324 415
325 414
326 413
326 414
327 413
328 412
329 411
330 410
330 411
331 410
332 409
333 408
333 409
334 407
334 408
335 407
336 406
337 405
337 406
338 404
338 405
339 404
340 403
340 404
341 402
341 403
342 402
343 401
344 400
344 401
345 399
345 400
346 398
346 399
347 398
348 397
349 396
349 397
350 395
350 396
351 394
351 395
352 393
352 394
353 392
353 393
354 391
354 392
355 390
355 391
356 389
356 390
357 388
357 389
358 387
358 388
359 386
359 387
360 385
360 386
361 384
361 385
362 383
362 384
363 382
363 383
364 381
365 380
366 379
294 402
294 403
295 403
296 404
297 404
298 404
299 404
300 403
300 404
301 403
302 402
302 403
303 402
304 401
305 400
305 401
306 400
307 399
308 399
309 398
309 399
310 398
311 398
312 397
313 397
318 279
319 279
319 280
320 280
321 280
322 280
323 279
323 280
324 277
324 278
324 279
325 275
325 276
325 277
326 273
326 274
326 275
327 270
327 271
327 272
328 267
328 268
328 269
328 270
329 265
329 266
329 267
330 263
330 264
330 265
331 262
331 263
332 261
332 262
333 260
334 259
335 258
336 257
336 258
337 256
337 257
338 256
339 255
339 256
340 255
341 254
341 255
342 254
343 254
344 254
345 254
346 254
347 254
348 254
349 254
350 254
351 255
352 255
353 255
353 256
354 256
355 256
355 257
356 257
356 258
357 258
358 258
358 259
359 259
359 260
360 260
360 261
361 261
342 302
343 301
343 302
344 301
345 300
345 301
346 300
347 299
347 300
348 299
349 299
350 299
351 299
352 299
353 298
353 299
354 298
355 297
355 298
356 296
356 297
357 296
342 302
342 303
343 303
343 304
344 305
345 306
346 306
347 306
348 306
349 306
350 305
351 304
351 305
352 304
353 303
353 304
354 303
355 303
356 302
356 303
357 302
358 301
358 302
359 300
359 301
360 300
361 299
361 300
362 298
362 299
363 297
363 298
364 296
364 297
365 295
365 296
366 295
342 199
342 200
343 198
343 199
344 198
345 197
346 197
347 197
348 197
349 198
350 198
351 198
351 199
352 199
353 200
354 200
354 201
355 201
356 201
356 202
357 202
358 202
358 203
359 203
360 203
361 203
361 204
362 204
342 202
343 202
344 202
345 202
345 203
346 203
347 203
348 203
349 203
350 204
351 204
352 204
352 205
353 205
354 205
354 206
355 206
356 206
356 207
357 207
357 208
358 208
358 209
359 209
360 210
361 211
362 212
363 213
331 241
331 242
332 242
332 243
333 243
333 244
334 244
334 245
335 245
335 246
336 246
337 247
338 247
339 248
340 248
341 248
341 249
342 249
343 249
344 249
345 249
346 249
347 249
348 249
349 249
350 249
351 248
352 248
353 247
353 248
354 247
355 246
355 247
356 245
356 246
357 245
358 244
358 245
359 243
359 244
360 242
360 243
361 241
361 242
362 241
311 234
311 235
312 231
312 232
312 233
313 229
313 230
313 231
314 227
314 228
314 229
315 226
315 227
316 225
317 224
318 223
319 223
320 222
321 223
322 223
323 224
324 225
324 226
325 226
325 227
325 228
326 228
326 229
326 230
327 230
327 231
327 232
327 233
328 233
328 234
328 235
329 235
329 236
329 237
329 238
330 238
330 239
330 240
331 240
331 241
331 242
332 242
332 243
333 244
334 245
335 245
335 246
336 246
337 246
337 247
338 247
339 247
339 248
340 248
341 248
342 249
343 249
344 249
345 249
346 249
347 249
348 249
349 249
350 249
351 248
351 249
352 248
353 247
353 248
354 247
355 246
356 245
356 246
357 245
358 244
358 245
359 243
359 244
360 242
360 243
361 241
361 242
362 241
294 100
294 101
295 100
296 99
297 99
298 99
298 100
299 100
300 100
301 100
302 100
303 100
304 100
304 101
305 101
306 101
307 101
307 102
308 102
309 103
309 104
310 104
310 105
311 105
312 105
313 105
