269 66
269 67
269 68
269 69
268 70
268 71
268 72
267 73
268 73
267 74
267 75
267 76
267 77
267 78
267 79
267 80
267 81
267 82
267 83
267 84
267 85
267 86
267 87
267 88
267 89
267 90
267 91
266 92
266 93
265 94
266 94
265 95
264 96
265 96
264 97
263 98
264 98
263 99
374 121
374 122
375 122
375 123
376 123
376 124
377 124
377 125
378 125
378 126
379 127
380 128
380 129
381 129
381 130
382 130
382 131
383 131
383 132
383 133
384 133
384 134
385 134
385 135
386 135
386 136
386 137
387 137
387 138
388 138
388 139
389 140
389 141
390 141
390 142
391 142
391 143
391 144
392 144
392 145
393 145
393 146
394 147
394 148
395 148
395 149
395 150
396 150
396 151
397 151
397 152
397 153
398 153
398 154
398 155
399 155
399 156
399 157
400 157
400 158
400 159
401 159
401 160
401 161
402 161
402 162
402 163
403 163
403 164
404 165
404 166
405 166
405 167
405 168
406 168
406 169
406 170
407 170
407 171
407 172
408 172
408 173
408 174
409 175
409 176
409 177
410 177
410 178
410 179
410 180
411 181
411 182
411 183
412 184
412 185
412 186
413 186
413 187
413 188
413 189
414 189
414 190
414 191
414 192
415 192
415 193
415 194
415 195
416 195
416 196
416 197
416 198
417 198
417 199
417 200
417 201
417 202
418 202
418 203
418 204
418 205
418 206
419 207
419 208
419 209
419 210
420 210
420 211
420 212
420 213
421 213
421 214
421 215
421 216
421 217
422 218
422 219
422 220
422 221
422 222
422 223
422 224
423 224
423 225
423 226
423 227
423 228
423 229
424 229
424 230
424 231
424 232
424 233
424 234
424 235
424 236
424 237
424 238
424 239
424 240
424 241
424 242
424 243
424 244
424 245
424 246
424 247
424 248
424 249
424 250
424 251
424 252
424 253
424 254
424 255
424 256
424 257
424 258
424 259
424 260
424 261
424 262
424 263
424 264
424 265
424 266
424 267
424 268
424 269
424 270
424 271
424 272
424 273
424 274
424 275
424 276
423 277
424 277
423 278
423 279
423 280
423 281
423 282
422 283
423 283
422 284
422 285
422 286
422 287
421 288
421 289
421 290
421 291
420 292
421 292
420 293
420 294
420 295
420 296
419 297
419 298
419 299
419 300
418 301
418 302
418 303
417 304
418 304
417 305
417 306
417 307
416 308
416 309
416 310
415 311
415 312
414 313
415 313
414 314
414 315
413 316
414 316
413 317
413 318
412 319
412 320
411 321
412 321
411 322
411 323
410 324
411 324
410 325
409 326
410 326
409 327
409 328
408 329
408 330
407 331
408 331
407 332
406 333
407 333
406 334
405 335
406 335
405 336
404 337
405 337
403 338
404 338
403 339
402 340
403 340
402 341
401 342
402 342
401 343
400 344
401 344
399 345
400 345
399 346
398 347
399 347
398 348
397 349
398 349
397 350
396 351
395 352
396 352
395 353
394 354
395 354
394 355
393 356
392 357
393 357
392 358
391 359
390 360
391 360
389 361
390 361
389 362
388 363
389 363
387 364
388 364
386 365
387 365
386 366
385 367
386 367
384 368
385 368
383 369
384 369
383 370
382 371
383 371
381 372
382 372
380 373
381 373
379 374
380 374
379 375
378 376
379 376
377 377
378 377
376 378
377 378
375 379
376 379
374 380
375 380
374 381
373 382
374 382
372 383
373 383
371 384
372 384
370 385
371 385
369 386
370 386
369 387
256 397
257 397
257 398
258 398
258 399
259 399
259 400
260 400
260 401
261 401
261 402
262 402
262 403
263 404
263 405
264 405
264 406
264 407
265 407
265 408
265 409
266 410
266 411
266 412
266 413
267 413
267 414
267 415
267 416
267 417
267 418
267 419
268 419
268 420
268 421
268 422
268 423
268 424
268 425
268 426
268 427
268 428
268 429
268 430
268 431
268 432
268 433
268 434
268 435
268 436
269 436
269 437
77 127
77 128
78 129
78 130
78 131
79 131
79 132
79 133
80 133
80 134
80 135
81 135
81 136
82 137
82 138
83 138
83 139
84 139
84 140
84 141
85 141
85 142
86 142
86 143
86 144
87 144
87 145
88 145
88 146
89 147
89 148
90 148
90 149
91 149
91 150
91 151
92 151
92 152
93 152
93 153
94 153
94 154
95 155
95 156
96 156
96 157
97 157
97 158
98 158
98 159
98 160
99 160
99 161
100 161
100 162
101 162
101 163
102 163
102 164
102 165
103 165
103 166
104 166
104 167
105 167
105 168
106 169
107 170
107 171
108 171
108 172
109 172
109 173
110 174
111 175
112 176
113 177
114 178
115 179
116 180
117 181
118 182
119 182
119 183
120 183
120 184
121 184
121 185
122 185
122 186
123 186
123 187
124 187
124 188
125 188
125 189
126 189
126 190
127 190
128 191
129 191
129 192
130 192
130 193
131 194
132 195
133 196
134 197
135 198
136 198
136 199
137 199
137 200
138 200
138 201
139 201
139 202
140 202
140 203
141 204
141 205
142 205
142 206
142 207
143 208
143 209
143 210
143 211
144 211
144 212
144 213
144 214
144 215
144 216
144 217
144 218
144 219
144 220
143 221
144 221
143 222
143 223
143 224
143 225
143 226
142 227
142 228
142 229
142 230
141 231
141 232
141 233
141 234
140 235
140 236
140 237
140 238
140 239
139 240
139 241
139 242
139 243
139 244
139 245
139 246
139 247
139 248
139 249
139 250
139 251
139 252
139 253
139 254
139 255
139 256
139 257
139 258
139 259
139 260
139 261
139 262
140 262
140 263
140 264
140 265
140 266
140 267
141 267
141 268
141 269
141 270
141 271
142 271
142 272
142 273
142 274
142 275
143 275
143 276
143 277
143 278
143 279
144 279
144 280
144 281
144 282
144 283
144 284
144 285
144 286
144 287
144 288
144 289
144 290
144 291
144 292
143 293
143 294
142 295
143 295
142 296
142 297
141 298
140 299
141 299
140 300
139 301
140 301
138 302
139 302
138 303
137 304
136 305
135 306
133 307
134 307
132 308
133 308
131 309
132 309
130 310
131 310
128 311
129 311
127 312
128 312
126 313
127 313
125 314
126 314
123 315
124 315
122 316
123 316
121 317
122 317
120 318
121 318
119 319
120 319
118 320
119 320
117 321
118 321
117 322
116 323
115 324
116 324
114 325
115 325
113 326
114 326
112 327
113 327
111 328
112 328
111 329
110 330
111 330
109 331
110 331
108 332
109 332
107 333
108 333
106 334
107 334
105 335
106 335
104 336
105 336
103 337
104 337
102 338
103 338
102 339
101 340
102 340
100 341
101 341
99 342
100 342
98 343
99 343
97 344
98 344
97 345
96 346
97 346
95 347
96 347
94 348
95 348
94 349
93 350
94 350
92 351
93 351
91 352
92 352
91 353
90 354
91 354
89 355
90 355
89 356
88 357
89 357
87 358
88 358
86 359
87 359
86 360
85 361
86 361
84 362
85 362
84 363
83 364
82 365
81 366
82 366
81 367
80 368
79 369
80 369
79 370
78 371
79 371
78 372
78 373
77 374
77 375
77 376
77 377
77 378
77 379
77 380
-65 -51475
-299 -51463
-244 -51136
-323 -50856
-212 -50856
-173 -50426
-64 -49937
-317 -49184
-157 -48376
-225 -47973
-93 -47972
-344 -46362
-430 -45340
-314 -44331
-375 -43794
-202 -42294
-382 -42137
-95 -39732
-281 -38459
-190 -36883
-109 -36883
-332 -34402
-193 -34402
-234 -30063
-104 -30033
-364 -28570
-102 -27413
-191 -25538
-367 -22465
-244 -21647
-405 -20923
-78 -16316
-457 -16315
-97 -15156
-412 -11811
-406 -11629
-393 -10349
-109 -7507
-432 -4795
-122 -3563
-217 -3561
-425 -3542
-170 -3541
-371 -3498
-189 -3335
-170 -3334
-426 -3219
-343 -3218
-295 -2916
-214 -2914
-454 -2538
-50 -2538
-112 -2361
-36 -2359
-312 -1724
-321 -1722
-338 -1444
-105 -1444
-64 -1062
-256 -1060
-40 -429
-26 -428
-302 -167
-64 -153
-3 -153
-78 -144
-326 -142
-449 -127
-208 -119
-237 -117
-217 -104
-423 -96
-240 -70
-75 -66
-432 -59
-261 -59
-228 -59
-222 -59
-185 -59
-121 -59
-111 -59
-439 -58
-373 -58
-179 -58
-496 -57
-57 -57
-485 -56
-340 -56
-57 -56
-421 -55
-497 -54
-420 -54
-380 -54
-334 -53
-207 -53
-164 -52
-480 -51
-406 -50
-200 -50
-59 -49
-369 -48
-488 -46
-122 -46
-60 -46
-93 -44
-85 -44
-67 -42
-470 -41
-5 -40
-252 -39
-402 -37
-436 -36
-259 -35
-23 -34
-79 -33
-362 -31
-9 -31
-111 -29
-393 -26
-326 -26
-10 -24
-174 -23
-165 -21
-349 -19
-291 -18
-418 -15
-391 -15
-191 -15
-466 -13
-378 -11
-120 -11
-18 -11
-48 -8
-228 -7
-88 -5
-59 -5
-467 -2
-51 -2
473 0
408 2
13 4
66 6
398 7
64 8
130 9
205 12
5 13
287 15
230 18
377 18
472 21
74 24
70 25
171 27
41 30
271 30
370 33
130 36
188 36
466 36
57 40
142 43
345 43
219 46
287 48
185 50
343 51
386 54
154 57
415 57
154 59
427 60
422 63
253 64
397 66
351 68
283 71
483 71
190 74
71 77
346 79
424 79
454 81
248 82
42 85
302 86
344 87
29 89
219 91
372 93
486 95
478 96
59 98
347 98
356 98
421 98
444 98
82 99
107 99
263 99
332 99
90 100
176 100
341 100
473 100
77 101
117 101
144 101
10 102
160 102
177 102
437 102
18 103
307 103
422 103
371 104
412 104
459 104
63 105
250 105
46 106
48 106
256 106
430 106
178 107
204 107
332 108
353 108
414 108
103 109
66 110
303 110
428 110
17 111
314 111
485 111
362 112
0 113
93 113
243 113
465 113
162 114
285 114
400 114
152 115
375 115
77 116
96 116
110 116
162 116
226 116
230 116
244 116
11 117
99 117
170 117
226 117
291 117
80 118
93 118
177 118
224 118
269 118
365 118
391 118
422 118
48 119
80 119
88 119
182 119
447 119
84 120
187 120
80 121
192 121
326 121
197 122
77 123
214 123
289 133
101 146
337 151
112 159
301 171
492 172
30 181
146 182
177 186
128 189
414 192
224 193
88 221
228 235
48 267
416 281
304 289
48 303
341 318
483 330
246 341
379 346
297 436
111 513
34 538
210 607
14 614
51 725
284 784
97 831
147 913
158 919
187 933
288 1013
307 1044
177 1052
154 1080
25 1100
225 1105
420 1115
366 1612
113 1845
353 3314
35 3714
47 3827
33 4663
47 5137
328 5227
329 5933
358 6992
106 7446
394 8034
424 8195
194 8794
181 9031
175 10000
465 10454
435 10802
414 11304
225 11658
106 11700
81 11887
155 12571
451 13002
123 13004
223 13018
26 13239
177 13588
484 13716
159 13781
148 13903
89 13941
461 14915
49 15282
101 19370
160 23561
19 25399
317 27847
19 31420
162 32221
284 36674
448 37264
274 41199
223 45788
477 47611
422 48623
287 49161
220 50433
356 55126
349 59483
221 59860
405 64626
213 67673
499 69417
139 69852
92 74226
275 79043
203 79737
138 83862
248 86488
54 87471
271 88674
449 89146
265 93472
289 98088
209 98248
195 102994
342 105139
131 106570
311 107702
148 112365
385 114599
298 116974
433 120159
348 121522
461 122184
442 123159
391 126001
270 129333
16 130404
314 134721
220 136053
373 138946
1 140082
221 142352
286 143071
166 146145
142 147088
184 148238
31 150989
18 153719
43 154766
466 155438
269 158411
133 158802
299 161917
438 163495
223 165276
303 165894
344 167807
131 168480
289 168763
114 171521
260 171745
261 174391
96 175317
163 177083
262 178530
411 179588
417 179588
394 179874
168 181393
93 181899
222 183913
302 184008
126 185908
337 186098
302 187446
156 187590
419 187956
488 188552
482 189046
381 189495
195 190270
131 190723
384 191252
80 191647
392 191871
140 191986
137 192275
138 192396
53 192463
211 192615
213 192675
272 64
342 64
397 64
426 64
438 64
466 64
473 64
474 64
482 64
484 64
485 64
488 64
202 65
211 65
222 65
223 65
224 65
226 65
227 65
233 65
241 65
251 65
264 65
270 65
279 65
302 65
328 65
341 65
356 65
384 65
411 65
417 65
436 65
458 65
227 66
230 66
234 66
240 66
246 66
253 66
260 66
267 66
269 66
274 66
281 66
288 66
302 66
314 66
322 66
328 66
316 67
321 67
326 67
329 67
332 67
334 67
281 68
285 68
289 68
294 68
299 68
304 68
310 68
276 69
277 69
279 69
278 70
280 70
281 70
284 70
286 70
288 70
291 70
294 71
296 71
299 71
301 71
303 71
305 71
306 71
308 72
309 72
310 72
311 72
312 72
313 72
314 73
312 74
313 74
314 74
310 75
311 75
312 75
310 76
310 77
311 77
311 78
312 78
313 78
313 79
314 79
315 79
316 80
317 80
318 80
319 81
320 81
321 81
322 82
323 82
324 82
324 83
325 83
326 83
327 84
328 84
329 85
330 85
330 86
331 86
332 86
332 87
333 87
333 88
334 88
335 88
335 89
336 89
337 90
338 90
338 91
339 91
340 91
340 92
341 92
342 93
343 93
343 94
344 94
345 95
346 96
347 96
347 97
348 97
348 98
349 98
350 98
350 99
351 99
351 100
352 100
352 101
353 101
354 102
355 102
355 103
356 103
356 104
357 104
357 105
358 105
358 106
359 106
360 106
360 107
361 107
361 108
362 108
362 109
363 109
363 110
364 110
364 111
365 111
365 112
366 112
366 113
367 113
367 114
368 114
368 115
369 115
369 116
370 116
370 117
371 117
371 118
372 118
372 119
373 119
373 120
374 120
374 121
368 387
369 387
367 388
368 388
366 389
367 389
365 390
366 390
364 391
365 391
363 392
364 392
362 393
363 393
361 394
362 394
360 395
359 396
357 397
358 397
356 398
357 398
355 399
356 399
354 400
355 400
352 401
353 401
354 401
351 402
352 402
350 403
351 403
349 404
350 404
347 405
348 405
346 406
347 406
345 407
346 407
343 408
344 408
345 408
342 409
343 409
341 410
342 410
339 411
340 411
338 412
339 412
337 413
338 413
335 414
336 414
333 415
334 415
335 415
332 416
333 416
330 417
331 417
328 418
329 418
330 418
326 419
327 419
328 419
324 420
325 420
326 420
323 421
324 421
321 422
322 422
319 423
320 423
321 423
317 424
318 424
319 424
315 425
316 425
317 425
313 426
314 426
315 426
311 427
312 427
313 427
309 428
310 428
311 428
307 429
308 429
309 429
304 430
305 430
306 430
307 430
302 431
303 431
304 431
300 432
301 432
302 432
298 433
299 433
300 433
296 434
297 434
298 434
292 435
293 435
294 435
295 435
287 436
288 436
289 436
290 436
291 436
292 436
269 437
271 437
273 437
282 437
283 437
284 437
285 437
286 437
287 437
274 438
276 438
277 438
278 438
279 438
280 438
281 438
272 439
273 439
274 439
275 439
276 439
77 380
198 380
199 380
200 380
201 380
202 380
203 380
204 380
205 380
206 380
207 380
208 380
209 380
210 380
78 381
79 381
208 381
209 381
210 381
211 381
212 381
213 381
214 381
215 381
216 381
217 381
79 382
80 382
192 382
194 382
195 382
197 382
199 382
200 382
202 382
204 382
205 382
207 382
218 382
219 382
220 382
81 383
82 383
83 383
186 383
187 383
188 383
189 383
191 383
221 383
222 383
84 384
85 384
86 384
87 384
187 384
188 384
189 384
190 384
191 384
192 384
193 384
194 384
195 384
196 384
223 384
224 384
225 384
87 385
88 385
89 385
90 385
190 385
191 385
193 385
194 385
195 385
196 385
225 385
226 385
91 386
92 386
93 386
94 386
95 386
96 386
97 386
142 386
145 386
148 386
151 386
154 386
157 386
160 386
162 386
165 386
168 386
170 386
174 386
177 386
180 386
183 386
186 386
188 386
227 386
228 386
97 387
98 387
99 387
100 387
101 387
102 387
103 387
104 387
105 387
106 387
107 387
108 387
109 387
110 387
111 387
112 387
113 387
114 387
115 387
117 387
119 387
121 387
123 387
126 387
128 387
131 387
134 387
136 387
139 387
229 387
230 387
231 387
111 388
112 388
113 388
114 388
115 388
116 388
117 388
118 388
119 388
120 388
121 388
122 388
123 388
124 388
125 388
126 388
127 388
128 388
129 388
130 388
131 388
132 388
133 388
134 388
135 388
136 388
137 388
138 388
139 388
140 388
142 388
143 388
144 388
145 388
146 388
147 388
148 388
150 388
151 388
232 388
233 388
234 388
235 389
236 389
237 389
238 389
238 390
239 390
240 390
241 390
241 391
242 391
243 391
244 392
245 392
246 393
247 393
248 393
248 394
249 394
250 394
250 395
251 395
252 395
252 396
253 396
254 396
255 396
255 397
256 397
269 66
269 67
269 68
269 69
268 70
268 71
268 72
267 73
268 73
267 74
267 75
267 76
267 77
267 78
267 79
267 80
267 81
267 82
267 83
267 84
267 85
267 86
267 87
267 88
267 89
267 90
267 91
266 92
266 93
265 94
266 94
265 95
264 96
265 96
264 97
263 98
264 98
263 99
374 121
374 122
375 122
375 123
376 123
376 124
377 124
377 125
378 125
378 126
379 127
380 128
380 129
381 129
381 130
382 130
382 131
383 131
383 132
383 133
384 133
384 134
385 134
385 135
386 135
386 136
386 137
387 137
387 138
388 138
388 139
389 140
389 141
390 141
390 142
391 142
391 143
391 144
392 144
392 145
393 145
393 146
394 147
394 148
395 148
395 149
395 150
396 150
396 151
397 151
397 152
397 153
398 153
398 154
398 155
399 155
399 156
399 157
400 157
400 158
400 159
401 159
401 160
401 161
402 161
402 162
402 163
403 163
403 164
404 165
404 166
405 166
405 167
405 168
406 168
406 169
406 170
407 170
407 171
407 172
408 172
408 173
408 174
409 175
409 176
409 177
410 177
410 178
410 179
410 180
411 181
411 182
411 183
412 184
412 185
412 186
413 186
413 187
413 188
413 189
414 189
414 190
414 191
414 192
415 192
415 193
415 194
415 195
416 195
416 196
416 197
416 198
417 198
417 199
417 200
417 201
417 202
418 202
418 203
418 204
418 205
418 206
419 207
419 208
419 209
419 210
420 210
420 211
420 212
420 213
421 213
421 214
421 215
421 216
421 217
422 218
422 219
422 220
422 221
422 222
422 223
422 224
423 224
423 225
423 226
423 227
423 228
423 229
424 229
424 230
424 231
424 232
424 233
424 234
424 235
424 236
424 237
424 238
424 239
424 240
424 241
424 242
424 243
424 244
424 245
424 246
424 247
424 248
424 249
424 250
424 251
424 252
424 253
424 254
424 255
424 256
424 257
424 258
424 259
424 260
424 261
424 262
424 263
424 264
424 265
424 266
424 267
424 268
424 269
424 270
424 271
424 272
424 273
424 274
424 275
424 276
423 277
424 277
423 278
423 279
423 280
423 281
423 282
422 283
423 283
422 284
422 285
422 286
422 287
421 288
421 289
421 290
421 291
420 292
421 292
420 293
420 294
420 295
420 296
419 297
419 298
419 299
419 300
418 301
418 302
418 303
417 304
418 304
417 305
417 306
417 307
416 308
416 309
416 310
415 311
415 312
414 313
415 313
414 314
414 315
413 316
414 316
413 317
413 318
412 319
412 320
411 321
412 321
411 322
411 323
410 324
411 324
410 325
409 326
410 326
409 327
409 328
408 329
408 330
407 331
408 331
407 332
406 333
407 333
406 334
405 335
406 335
405 336
404 337
405 337
403 338
404 338
403 339
402 340
403 340
402 341
401 342
402 342
401 343
400 344
401 344
399 345
400 345
399 346
398 347
399 347
398 348
397 349
398 349
397 350
396 351
395 352
396 352
395 353
394 354
395 354
394 355
393 356
392 357
393 357
392 358
391 359
390 360
391 360
389 361
390 361
389 362
388 363
389 363
387 364
388 364
386 365
387 365
386 366
385 367
386 367
384 368
385 368
383 369
384 369
383 370
382 371
383 371
381 372
382 372
380 373
381 373
379 374
380 374
379 375
378 376
379 376
377 377
378 377
376 378
377 378
375 379
376 379
374 380
375 380
374 381
373 382
374 382
372 383
373 383
371 384
372 384
370 385
371 385
369 386
370 386
369 387
256 397
257 397
257 398
258 398
258 399
259 399
259 400
260 400
260 401
261 401
261 402
262 402
262 403
263 404
263 405
264 405
264 406
264 407
265 407
265 408
265 409
266 410
266 411
266 412
266 413
267 413
267 414
267 415
267 416
267 417
267 418
267 419
268 419
268 420
268 421
268 422
268 423
268 424
268 425
268 426
268 427
268 428
268 429
268 430
268 431
268 432
268 433
268 434
268 435
268 436
269 436
269 437
77 127
77 128
78 129
78 130
78 131
79 131
79 132
79 133
80 133
80 134
80 135
81 135
81 136
82 137
82 138
83 138
83 139
84 139
84 140
84 141
85 141
85 142
86 142
86 143
86 144
87 144
87 145
88 145
88 146
89 147
89 148
90 148
90 149
91 149
91 150
91 151
92 151
92 152
93 152
93 153
94 153
94 154
95 155
95 156
96 156
96 157
97 157
97 158
98 158
98 159
98 160
99 160
99 161
100 161
100 162
101 162
101 163
102 163
102 164
102 165
103 165
103 166
104 166
104 167
105 167
105 168
106 169
107 170
107 171
108 171
108 172
109 172
109 173
110 174
111 175
112 176
113 177
114 178
115 179
116 180
117 181
118 182
119 182
119 183
120 183
120 184
121 184
121 185
122 185
122 186
123 186
123 187
124 187
124 188
125 188
125 189
126 189
126 190
127 190
128 191
129 191
129 192
130 192
130 193
131 194
132 195
133 196
134 197
135 198
136 198
136 199
137 199
137 200
138 200
138 201
139 201
139 202
140 202
140 203
141 204
141 205
142 205
142 206
142 207
143 208
143 209
143 210
143 211
144 211
144 212
144 213
144 214
144 215
144 216
144 217
144 218
144 219
144 220
143 221
144 221
143 222
143 223
143 224
143 225
143 226
142 227
142 228
142 229
142 230
141 231
141 232
141 233
141 234
140 235
140 236
140 237
140 238
140 239
139 240
139 241
139 242
139 243
139 244
139 245
139 246
139 247
139 248
139 249
139 250
139 251
139 252
139 253
139 254
139 255
139 256
139 257
139 258
139 259
139 260
139 261
139 262
140 262
140 263
140 264
140 265
140 266
140 267
141 267
141 268
141 269
141 270
141 271
142 271
142 272
142 273
142 274
142 275
143 275
143 276
143 277
143 278
143 279
144 279
144 280
144 281
144 282
144 283
144 284
144 285
144 286
144 287
144 288
144 289
144 290
144 291
144 292
143 293
143 294
142 295
143 295
142 296
142 297
141 298
140 299
141 299
140 300
139 301
140 301
138 302
139 302
138 303
137 304
136 305
135 306
133 307
134 307
132 308
133 308
131 309
132 309
130 310
131 310
128 311
129 311
127 312
128 312
126 313
127 313
125 314
126 314
123 315
124 315
122 316
123 316
121 317
122 317
120 318
121 318
119 319
120 319
118 320
119 320
117 321
118 321
117 322
116 323
115 324
116 324
114 325
115 325
113 326
114 326
112 327
113 327
111 328
112 328
111 329
110 330
111 330
109 331
110 331
108 332
109 332
107 333
108 333
106 334
107 334
105 335
106 335
104 336
105 336
103 337
104 337
102 338
103 338
102 339
101 340
102 340
100 341
101 341
99 342
100 342
98 343
99 343
97 344
98 344
97 345
96 346
97 346
95 347
96 347
94 348
95 348
94 349
93 350
94 350
92 351
93 351
91 352
92 352
91 353
90 354
91 354
89 355
90 355
89 356
88 357
89 357
87 358
88 358
86 359
87 359
86 360
85 361
86 361
84 362
85 362
84 363
83 364
82 365
81 366
82 366
81 367
80 368
79 369
80 369
79 370
78 371
79 371
78 372
78 373
77 374
77 375
77 376
77 377
77 378
77 379
77 380
-65 -51475
-299 -51463
-244 -51136
-323 -50856
-212 -50856
-173 -50426
-64 -49937
-317 -49184
-157 -48376
-225 -47973
-93 -47972
-344 -46362
-430 -45340
-314 -44331
-375 -43794
-202 -42294
-382 -42137
-95 -39732
-281 -38459
-190 -36883
-109 -36883
-332 -34402
-193 -34402
-234 -30063
-104 -30033
-364 -28570
-102 -27413
-191 -25538
-367 -22465
-244 -21647
-405 -20923
-78 -16316
-457 -16315
-97 -15156
-412 -11811
-406 -11629
-393 -10349
-109 -7507
-432 -4795
-122 -3563
-217 -3561
-425 -3542
-170 -3541
-371 -3498
-189 -3335
-170 -3334
-426 -3219
-343 -3218
-295 -2916
-214 -2914
-454 -2538
-50 -2538
-112 -2361
-36 -2359
-312 -1724
-321 -1722
-338 -1444
-105 -1444
-64 -1062
-256 -1060
-40 -429
-26 -428
-302 -167
-64 -153
-3 -153
-78 -144
-326 -142
-449 -127
-208 -119
-237 -117
-217 -104
-423 -96
-240 -70
-75 -66
-432 -59
-261 -59
-228 -59
-222 -59
-185 -59
-121 -59
-111 -59
-439 -58
-373 -58
-179 -58
-496 -57
-57 -57
-485 -56
-340 -56
-57 -56
-421 -55
-497 -54
-420 -54
-380 -54
-334 -53
-207 -53
-164 -52
-480 -51
-406 -50
-200 -50
-59 -49
-369 -48
-488 -46
-122 -46
-60 -46
-93 -44
-85 -44
-67 -42
-470 -41
-5 -40
-252 -39
-402 -37
-436 -36
-259 -35
-23 -34
-79 -33
-362 -31
-9 -31
-111 -29
-393 -26
-326 -26
-10 -24
-174 -23
-165 -21
-349 -19
-291 -18
-418 -15
-391 -15
-191 -15
-466 -13
-378 -11
-120 -11
-18 -11
-48 -8
-228 -7
-88 -5
-59 -5
-467 -2
-51 -2
473 0
408 2
13 4
66 6
398 7
64 8
130 9
205 12
5 13
287 15
230 18
377 18
472 21
74 24
70 25
171 27
41 30
271 30
370 33
130 36
188 36
466 36
57 40
142 43
345 43
219 46
287 48
185 50
343 51
386 54
154 57
415 57
154 59
427 60
422 63
253 64
397 66
351 68
283 71
483 71
190 74
71 77
346 79
424 79
454 81
248 82
42 85
302 86
344 87
29 89
219 91
372 93
486 95
478 96
59 98
347 98
356 98
421 98
444 98
82 99
107 99
263 99
332 99
90 100
176 100
341 100
473 100
77 101
117 101
144 101
10 102
160 102
177 102
437 102
18 103
307 103
422 103
371 104
412 104
459 104
63 105
250 105
46 106
48 106
256 106
430 106
178 107
204 107
332 108
353 108
414 108
103 109
66 110
303 110
428 110
17 111
314 111
485 111
362 112
0 113
93 113
243 113
465 113
162 114
285 114
400 114
152 115
375 115
77 116
96 116
110 116
162 116
226 116
230 116
244 116
11 117
99 117
170 117
226 117
291 117
80 118
93 118
177 118
224 118
269 118
365 118
391 118
422 118
48 119
80 119
88 119
182 119
447 119
84 120
187 120
80 121
192 121
326 121
197 122
77 123
214 123
289 133
101 146
337 151
112 159
301 171
492 172
30 181
146 182
177 186
128 189
414 192
224 193
88 221
228 235
48 267
416 281
304 289
48 303
341 318
483 330
246 341
379 346
297 436
111 513
34 538
210 607
14 614
51 725
284 784
97 831
147 913
158 919
187 933
288 1013
307 1044
177 1052
154 1080
25 1100
225 1105
420 1115
366 1612
113 1845
353 3314
35 3714
47 3827
33 4663
47 5137
328 5227
329 5933
358 6992
106 7446
394 8034
424 8195
194 8794
181 9031
175 10000
465 10454
435 10802
414 11304
225 11658
106 11700
81 11887
155 12571
451 13002
123 13004
223 13018
26 13239
177 13588
484 13716
159 13781
148 13903
89 13941
461 14915
49 15282
101 19370
160 23561
19 25399
317 27847
19 31420
162 32221
284 36674
448 37264
274 41199
223 45788
477 47611
422 48623
287 49161
220 50433
356 55126
349 59483
221 59860
405 64626
213 67673
499 69417
139 69852
92 74226
275 79043
203 79737
138 83862
248 86488
54 87471
271 88674
449 89146
265 93472
289 98088
209 98248
195 102994
342 105139
131 106570
311 107702
148 112365
385 114599
298 116974
433 120159
348 121522
461 122184
442 123159
391 126001
270 129333
16 130404
314 134721
220 136053
373 138946
1 140082
221 142352
286 143071
166 146145
142 147088
184 148238
31 150989
18 153719
43 154766
466 155438
269 158411
133 158802
299 161917
438 163495
223 165276
303 165894
344 167807
131 168480
289 168763
114 171521
260 171745
261 174391
96 175317
163 177083
262 178530
411 179588
417 179588
394 179874
168 181393
93 181899
222 183913
302 184008
126 185908
337 186098
302 187446
156 187590
419 187956
488 188552
482 189046
381 189495
195 190270
131 190723
384 191252
80 191647
392 191871
140 191986
137 192275
138 192396
53 192463
211 192615
213 192675
272 64
342 64
397 64
426 64
438 64
466 64
473 64
474 64
482 64
484 64
485 64
488 64
202 65
211 65
222 65
223 65
224 65
226 65
227 65
233 65
241 65
251 65
264 65
270 65
279 65
302 65
328 65
341 65
356 65
384 65
411 65
417 65
436 65
458 65
227 66
230 66
234 66
240 66
246 66
253 66
260 66
267 66
269 66
274 66
281 66
288 66
302 66
314 66
322 66
328 66
316 67
321 67
326 67
329 67
332 67
334 67
281 68
285 68
289 68
294 68
299 68
304 68
310 68
276 69
277 69
279 69
278 70
280 70
281 70
284 70
286 70
288 70
291 70
294 71
296 71
299 71
301 71
303 71
305 71
306 71
308 72
309 72
310 72
311 72
312 72
313 72
314 73
312 74
313 74
314 74
310 75
311 75
312 75
310 76
310 77
311 77
311 78
312 78
313 78
313 79
314 79
315 79
316 80
317 80
318 80
319 81
320 81
321 81
322 82
323 82
324 82
324 83
325 83
326 83
327 84
328 84
329 85
330 85
330 86
331 86
332 86
332 87
333 87
333 88
334 88
335 88
335 89
336 89
337 90
338 90
338 91
339 91
340 91
340 92
341 92
342 93
343 93
343 94
344 94
345 95
346 96
347 96
347 97
348 97
348 98
349 98
350 98
350 99
351 99
351 100
352 100
352 101
353 101
354 102
355 102
355 103
356 103
356 104
357 104
357 105
358 105
358 106
359 106
360 106
360 107
361 107
361 108
362 108
362 109
363 109
363 110
364 110
364 111
365 111
365 112
366 112
366 113
367 113
367 114
368 114
368 115
369 115
369 116
370 116
370 117
371 117
371 118
372 118
372 119
373 119
373 120
374 120
374 121
368 387
369 387
367 388
368 388
366 389
367 389
365 390
366 390
364 391
365 391
363 392
364 392
362 393
363 393
361 394
362 394
360 395
359 396
357 397
358 397
356 398
357 398
355 399
356 399
354 400
355 400
352 401
353 401
354 401
351 402
352 402
350 403
351 403
349 404
350 404
347 405
348 405
346 406
347 406
345 407
346 407
343 408
344 408
345 408
342 409
343 409
341 410
342 410
339 411
340 411
338 412
339 412
337 413
338 413
335 414
336 414
333 415
334 415
335 415
332 416
333 416
330 417
331 417
328 418
329 418
330 418
326 419
327 419
328 419
324 420
325 420
326 420
323 421
324 421
321 422
322 422
319 423
320 423
321 423
317 424
318 424
319 424
315 425
316 425
317 425
313 426
314 426
315 426
311 427
312 427
313 427
309 428
310 428
311 428
307 429
308 429
309 429
304 430
305 430
306 430
307 430
302 431
303 431
304 431
300 432
301 432
302 432
298 433
299 433
300 433
296 434
297 434
298 434
292 435
293 435
294 435
295 435
287 436
288 436
289 436
290 436
291 436
292 436
269 437
271 437
273 437
282 437
283 437
284 437
285 437
286 437
287 437
274 438
276 438
277 438
278 438
279 438
280 438
281 438
272 439
273 439
274 439
275 439
276 439
77 380
198 380
199 380
200 380
201 380
202 380
203 380
204 380
205 380
206 380
207 380
208 380
209 380
210 380
78 381
79 381
208 381
209 381
210 381
211 381
212 381
213 381
214 381
215 381
216 381
217 381
79 382
80 382
192 382
194 382
195 382
197 382
199 382
200 382
202 382
204 382
205 382
207 382
218 382
219 382
220 382
81 383
82 383
83 383
186 383
187 383
188 383
189 383
191 383
221 383
222 383
84 384
85 384
86 384
87 384
187 384
188 384
189 384
190 384
191 384
192 384
193 384
194 384
195 384
196 384
223 384
224 384
225 384
87 385
88 385
89 385
90 385
190 385
191 385
193 385
194 385
195 385
196 385
225 385
226 385
91 386
92 386
93 386
94 386
95 386
96 386
97 386
142 386
145 386
148 386
151 386
154 386
157 386
160 386
162 386
165 386
168 386
170 386
174 386
177 386
180 386
183 386
186 386
188 386
227 386
228 386
97 387
98 387
99 387
100 387
101 387
102 387
103 387
104 387
105 387
106 387
107 387
108 387
109 387
110 387
111 387
112 387
113 387
114 387
115 387
117 387
119 387
121 387
123 387
126 387
128 387
131 387
134 387
136 387
139 387
229 387
230 387
231 387
111 388
112 388
113 388
114 388
115 388
116 388
117 388
118 388
119 388
120 388
121 388
122 388
123 388
124 388
125 388
126 388
127 388
128 388
129 388
130 388
131 388
132 388
133 388
134 388
135 388
136 388
137 388
138 388
139 388
140 388
142 388
143 388
144 388
145 388
146 388
147 388
148 388
150 388
151 388
232 388
233 388
234 388
235 389
236 389
237 389
238 389
238 390
239 390
240 390
241 390
241 391
242 391
243 391
244 392
245 392
246 393
247 393
248 393
248 394
249 394
250 394
250 395
251 395
252 395
252 396
253 396
254 396
255 396
255 397
256 397
363 120
363 121
364 121
364 122
365 122
365 123
366 123
366 124
367 124
367 125
368 125
368 126
369 127
370 128
370 129
371 129
371 130
372 130
372 131
373 132
374 133
374 134
375 134
375 135
376 135
376 136
377 136
377 137
377 138
378 138
378 139
379 139
379 140
380 141
380 142
381 142
381 143
382 143
382 144
382 145
383 145
383 146
384 147
384 148
385 148
385 149
386 150
386 151
387 151
387 152
387 153
388 153
388 154
388 155
389 155
389 156
390 156
390 157
390 158
391 158
391 159
391 160
392 160
392 161
392 162
393 162
393 163
393 164
394 164
394 165
394 166
395 166
395 167
395 168
396 168
396 169
396 170
397 170
397 171
397 172
398 172
398 173
398 174
399 175
399 176
399 177
400 177
400 178
400 179
401 179
401 180
401 181
401 182
402 182
402 183
402 184
403 185
403 186
403 187
404 188
404 189
404 190
405 191
405 192
405 193
405 194
406 194
406 195
406 196
406 197
407 197
407 198
407 199
407 200
408 201
408 202
408 203
408 204
409 205
409 206
409 207
409 208
410 209
410 210
410 211
410 212
410 213
411 213
411 214
411 215
411 216
411 217
412 218
412 219
412 220
412 221
412 222
413 223
413 224
413 225
413 226
413 227
413 228
413 229
414 230
414 231
414 232
414 233
414 234
414 235
414 236
414 237
414 238
414 239
414 240
414 241
414 242
414 243
414 244
414 245
414 246
414 247
414 248
414 249
414 250
414 251
414 252
414 253
414 254
414 255
414 256
414 257
414 258
414 259
414 260
414 261
414 262
414 263
414 264
414 265
414 266
414 267
414 268
414 269
414 270
414 271
414 272
413 273
414 273
413 274
413 275
413 276
413 277
413 278
413 279
412 280
413 280
412 281
412 282
412 283
412 284
412 285
411 286
411 287
411 288
411 289
411 290
410 291
410 292
410 293
410 294
409 295
410 295
409 296
409 297
409 298
408 299
409 299
408 300
408 301
407 302
408 302
407 303
407 304
407 305
406 306
407 306
406 307
406 308
406 309
405 310
405 311
405 312
404 313
404 314
404 315
403 316
403 317
403 318
402 319
402 320
402 321
401 322
401 323
400 324
401 324
400 325
400 326
399 327
399 328
398 329
398 330
397 331
398 331
397 332
396 333
397 333
396 334
395 335
396 335
395 336
394 337
395 337
394 338
393 339
394 339
393 340
392 341
391 342
392 342
391 343
390 344
391 344
390 345
389 346
388 347
389 347
388 348
387 349
386 350
387 350
386 351
385 352
386 352
384 353
385 353
384 354
383 355
384 355
382 356
383 356
382 357
381 358
380 359
381 359
380 360
379 361
378 362
379 362
378 363
377 364
376 365
377 365
375 366
376 366
375 367
374 368
373 369
374 369
372 370
373 370
372 371
371 372
370 373
371 373
369 374
370 374
369 375
368 376
369 376
367 377
368 377
366 378
367 378
366 379
313 397
313 398
312 399
312 400
312 401
311 402
311 403
310 404
310 405
309 406
308 407
309 407
308 408
307 409
308 409
307 410
306 411
305 412
306 412
305 413
304 414
303 415
304 415
302 416
303 416
301 417
302 417
301 418
300 419
301 419
299 420
300 420
298 421
299 421
297 422
298 422
296 423
297 423
296 424
295 425
294 426
293 427
292 428
291 429
290 430
309 268
310 268
308 269
309 269
308 270
309 270
308 271
309 271
310 271
308 272
311 272
312 272
307 273
312 273
313 273
306 274
307 274
314 274
315 274
305 275
306 275
315 275
316 275
304 276
305 276
316 276
317 276
304 277
317 277
303 278
304 278
317 278
318 278
302 279
303 279
318 279
302 280
302 281
301 282
301 283
301 284
300 285
300 286
300 287
299 288
300 288
299 289
299 290
299 291
299 292
298 293
299 293
298 294
298 295
298 296
298 297
298 298
298 299
298 300
298 301
298 302
298 303
298 304
298 305
298 306
298 307
298 308
298 309
298 310
298 311
298 312
299 312
299 313
299 314
299 315
299 316
299 317
299 318
299 319
300 319
300 320
300 321
300 322
300 323
300 324
301 325
301 326
301 327
301 328
301 329
302 330
302 331
302 332
302 333
302 334
302 335
303 336
303 337
303 338
303 339
303 340
303 341
303 342
303 343
303 344
304 344
304 345
304 346
304 347
304 348
304 349
304 350
304 351
304 352
304 353
304 354
304 355
304 356
305 356
305 357
305 358
305 359
305 360
305 361
305 362
306 362
306 363
306 364
306 365
306 366
307 366
307 367
307 368
307 369
307 370
307 371
307 372
307 373
307 374
307 375
306 376
307 376
306 377
306 378
306 379
305 380
305 381
305 382
304 383
304 384
304 385
303 386
303 387
303 388
302 389
302 390
301 391
302 391
301 392
301 393
300 394
299 395
300 395
299 396
298 397
299 397
297 398
298 398
296 399
297 399
295 400
296 400
294 401
295 401
294 402
361 261
361 262
362 262
362 263
363 263
363 264
364 264
364 265
364 266
365 266
365 267
365 268
366 269
366 270
366 271
367 272
367 273
367 274
367 275
367 276
367 277
368 277
368 278
368 279
368 280
367 281
367 282
367 283
367 284
366 285
365 286
366 286
365 287
364 288
365 288
364 289
363 290
362 291
361 292
360 293
359 294
358 295
357 296
358 252
359 252
359 253
360 253
360 254
361 254
362 255
363 255
363 256
364 256
364 257
365 257
366 258
367 259
368 260
368 261
369 261
369 262
369 263
370 263
370 264
370 265
371 266
371 267
371 268
371 269
372 269
372 270
372 271
372 272
373 273
373 274
373 275
373 276
373 277
373 278
373 279
372 280
373 280
372 281
372 282
372 283
371 284
371 285
371 286
370 287
370 288
369 289
370 289
369 290
368 291
369 291
368 292
367 293
366 294
367 294
366 295
362 204
363 204
363 205
364 205
364 206
365 206
365 207
366 207
366 208
367 208
367 209
368 209
368 210
369 211
369 212
370 212
370 213
370 214
371 215
371 216
371 217
372 217
372 218
372 219
372 220
372 221
373 221
373 222
373 223
373 224
373 225
373 226
373 227
373 228
373 229
372 230
372 231
372 232
371 233
371 234
371 235
370 236
370 237
370 238
369 239
370 239
369 240
368 241
369 241
368 242
367 243
366 244
365 245
366 245
364 246
365 246
362 247
363 247
364 247
361 248
362 248
360 249
361 249
359 250
360 250
358 251
359 251
363 213
363 214
364 214
364 215
365 216
365 217
366 217
366 218
366 219
367 219
367 220
367 221
368 221
368 222
368 223
368 224
368 225
368 226
368 227
368 228
368 229
368 230
367 231
367 232
366 233
367 233
366 234
366 235
365 236
364 237
365 237
364 238
363 239
362 240
363 240
362 241
294 101
294 102
295 102
295 103
296 103
296 104
297 104
297 105
298 106
298 107
299 107
299 108
300 108
300 109
301 110
301 111
302 111
302 112
302 113
303 113
303 114
303 115
304 115
304 116
304 117
304 118
305 118
305 119
305 120
305 121
305 122
306 122
306 123
306 124
306 125
306 126
306 127
306 128
306 129
307 129
307 130
307 131
307 132
307 133
307 134
307 135
307 136
307 137
307 138
307 139
307 140
307 141
307 142
307 143
306 144
307 144
306 145
306 146
306 147
306 148
306 149
305 150
305 151
305 152
305 153
305 154
304 155
305 155
304 156
304 157
304 158
304 159
304 160
303 161
304 161
303 162
303 163
303 164
303 165
303 166
302 167
303 167
302 168
302 169
302 170
302 171
302 172
301 173
302 173
301 174
301 175
301 176
301 177
300 178
301 178
300 179
300 180
300 181
300 182
300 183
299 184
299 185
299 186
299 187
299 188
298 189
299 189
298 190
298 191
298 192
298 193
298 194
298 195
298 196
298 197
298 198
298 199
298 200
298 201
298 202
299 202
299 203
299 204
299 205
299 206
299 207
299 208
300 209
300 210
300 211
300 212
300 213
300 214
300 215
301 216
301 217
301 218
301 219
301 220
302 220
302 221
302 222
302 223
303 223
303 224
303 225
304 225
304 226
304 227
305 227
305 228
306 229
307 230
307 231
308 231
308 232
309 232
309 233
310 233
310 234
311 234
311 235
288 72
289 72
289 73
290 73
290 74
291 74
291 75
292 75
292 76
293 76
293 77
294 77
295 78
296 78
296 79
297 80
298 81
298 82
299 82
299 83
300 83
300 84
301 84
301 85
302 86
302 87
303 87
303 88
304 88
304 89
304 90
305 90
305 91
306 91
306 92
306 93
307 93
307 94
307 95
308 95
308 96
308 97
309 97
309 98
310 99
310 100
311 100
311 101
311 102
312 102
312 103
312 104
313 104
313 105
288 71
289 71
288 72
288 73
289 73
289 74
290 74
290 75
291 75
292 75
293 76
294 76
295 76
296 77
297 77
298 77
299 78
300 78
301 78
302 78
302 79
303 79
304 79
305 79
306 80
307 80
308 80
309 80
309 81
310 81
311 81
312 81
313 82
314 82
315 82
316 83
317 83
318 83
319 84
320 84
321 84
321 85
322 85
323 85
324 86
325 86
326 87
327 87
328 88
329 88
329 89
330 89
331 90
332 90
332 91
333 91
333 92
334 92
334 93
335 93
335 94
336 95
336 96
337 96
337 97
338 97
338 98
339 98
339 99
340 100
340 101
341 101
341 102
342 102
342 103
343 103
343 104
344 104
344 105
345 105
345 106
346 106
346 107
347 107
348 108
349 109
350 110
351 110
351 111
352 111
352 112
353 112
353 113
354 113
355 113
355 114
356 114
356 115
357 115
357 116
358 116
358 117
359 117
360 117
360 118
361 118
361 119
362 119
362 120
363 120
366 379
365 380
364 381
365 381
363 382
364 382
362 383
363 383
361 384
362 384
360 385
361 385
359 386
360 386
359 387
358 388
357 389
356 390
355 391
354 392
352 393
353 393
351 394
352 394
350 395
351 395
349 396
350 396
348 397
349 397
346 398
347 398
345 399
346 399
344 400
345 400
342 401
343 401
344 401
341 402
342 402
340 403
341 403
338 404
339 404
340 404
337 405
338 405
336 406
337 406
335 407
336 407
334 408
335 408
333 409
334 409
331 410
332 410
330 411
331 411
329 412
330 412
328 413
329 413
326 414
327 414
325 415
326 415
323 416
324 416
321 417
322 417
319 418
320 418
321 418
317 419
318 419
319 419
315 420
316 420
317 420
313 421
314 421
311 422
312 422
309 423
310 423
307 424
308 424
309 424
307 425
306 426
307 426
305 427
306 427
301 428
302 428
303 428
304 428
295 429
296 429
297 429
298 429
299 429
300 429
301 429
289 430
290 430
291 430
292 430
293 430
294 430
290 431
291 431
313 397
313 398
314 398
312 399
313 399
314 399
308 400
309 400
310 400
311 400
312 400
300 401
301 401
302 401
303 401
304 401
305 401
306 401
307 401
293 402
294 402
295 402
296 402
297 402
298 402
299 402
293 403
294 403
295 403
343 254
344 254
345 254
346 254
347 254
348 254
349 254
338 255
339 255
340 255
341 255
342 255
343 255
334 256
335 256
336 256
337 256
342 256
343 256
344 256
345 256
346 256
333 257
334 257
347 257
349 257
350 257
351 257
352 257
333 258
354 258
355 258
356 258
357 258
358 258
359 258
333 259
360 259
361 259
333 260
361 260
362 260
332 261
333 261
361 261
332 262
331 263
330 264
331 264
329 265
330 265
329 266
329 267
329 268
329 269
330 269
330 270
330 271
330 272
330 273
329 274
330 274
327 275
328 275
324 276
325 276
326 276
320 277
321 277
322 277
323 277
319 278
320 278
318 279
319 279
320 279
320 280
321 280
322 280
